-0.012536814255880154	-0.013839389257066107	-0.013967039055124954	-0.013967039055124954	-0.013967039055124954	-0.013967039055124954	-0.013967039055124954	-0.013967039055124954	-0.013967039055124954	-0.013967039055124954	-0.013967039055124954	-0.013967039055124954	-0.013967039055124954	-0.013967039055124954	-0.013967039055124954	-0.013967039055124954	-0.013967039055124954	-0.013967039055124954	-0.013967039055124954	-0.013967039055124954	-0.013967039055124954	-0.013967039055124954	-0.013967039055124954	-0.013967039055124954	-0.013967039055124954	-0.013967039055124954	-0.013967039055124954	-0.013967039055124954	-0.013967039055124954	-0.013967039055124954	-0.013967039055124954	-0.013967039055124954	-0.013967039055124952	-0.013967039055124949	-0.013967039055124949	-0.013967039055124949	-0.013967039055124949	-0.013967039055124949	-0.013967039055124949	-0.013967039055124949	-0.013967039055124949	-0.013967039055124949	-0.013967039055124949	-0.013967039055124949	-0.013967039055124949	-0.013967039055124949	-0.013967039055124949	-0.013967039055124949	-0.013967039055124949	-0.013967039055124949	-0.013967039055124949	-0.013967039055124949	-0.013967039055124949	-0.013967039055124949	-0.013967039055124949	-0.013967039055124949	-0.013967039055124949	-0.013967039055124949	-0.013967039055124949	-0.013967039055124949	-0.013967039055124949	-0.013967039055124949	-0.013967039055124949	-0.013967039055124949	-0.013967039055124949	-0.013967039055124949	-0.013967039055124949	-0.013967039055124949	-0.013967039055124949	-0.013967039055124949	-0.013967039055124949	-0.013967039055124949	-0.013967039055124949	-0.013967039055124949	-0.013967039055124949	-0.013967039055124949	-0.013967039055124949	-0.013967039055124949	-0.013967039055124949	-0.013967039055124949	-0.013967039055124949	-0.013967039055124949	-0.013967039055124949	-0.013967039055124949	-0.013967039055124949	-0.013967039055124949	-0.013967039055124949	-0.013967039055124949	-0.013967039055124949	-0.013967039055124949	-0.013967039055124949	-0.013967039055124949	-0.013967039055124949	-0.013967039055124949	-0.013967039055124949	-0.013967039055124949	-0.013967039055124949	-0.013967039055124949	-0.013967039055124949	-0.013967039055124949	-0.013967039055124949	-0.013967039055124949	-0.013967039055124949	-0.013967039055124949	-0.013967039055124949	-0.013967039055124949	-0.013967039055124949	-0.013967039055124949	-0.013967039055124949	-0.013967039055124949	-0.013967039055124949	-0.013967039055124949	-0.013967039055124949	-0.013967039055124949	-0.013967039055124949	-0.013967039055124949	-0.013967039055124949	-0.013967039055124949	-0.013967039055124949	-0.013967039055124949	-0.013967039055124949	-0.013967039055124949	-0.013967039055124949	-0.013967039055124949	-0.013967039055124949	-0.013967039055124952	-0.013967039055124954	-0.013967039055124954	-0.013967039055124954	-0.013967039055124954	-0.013967039055124954	-0.013967039055124954	-0.013967039055124954	-0.013967039055124954	-0.013967039055124954	-0.013967039055124954	-0.013967039055124954	-0.013967039055124954	-0.013967039055124954	-0.013967039055124954	-0.013967039055124954	-0.013967039055124952	-0.013967039055124949	-0.013967039055124949	-0.013967039055124949	-0.013967039055124949	-0.013967039055124949	-0.013967039055124949	-0.013967039055124949	-0.013967039055124949	-0.013967039055124949	-0.013967039055124949	-0.013967039055124949	-0.013967039055124949	-0.013967039055124949	-0.013967039055124949	-0.013967039055124949	-0.013967039055124949	-0.013967039055124949	-0.013967039055124949	-0.013967039055124952	-0.013967039055124954	-0.013967039055124954	-0.013967039055124954	-0.013967039055124954	-0.013967039055124954	-0.013967039055124954	-0.013967039055124954	-0.013967039055124954	-0.013967039055124954	-0.013967039055124954	-0.013967039055124954	-0.013967039055124954	-0.013967039055124954	-0.013967039055124954	-0.013967039055124954	-0.013967039055124954	-0.013967039055124954	-0.013967039055124954	-0.013967039055124957	-0.013967039055124959	-0.013967039055124959	-0.013967039055124959	-0.013967039055124959	-0.013967039055124959	-0.013967039055124959	-0.013967039055124959	-0.013967039055124959	-0.013967039055124959	-0.013967039055124959	-0.013967039055124959	-0.013967039055124959	-0.013967039055124959	-0.013967039055124959	-0.013967039055124959	-0.013967039055124959	-0.013967039055124959	-0.013967039055124959	-0.013967039055124959	-0.013967039055124959	-0.013967039055124959	-0.013967039055124959	-0.013967039055124959	-0.013967039055124959	-0.013967039055124959	-0.013967039055124959	-0.013967039055124959	-0.013967039055124959	-0.013967039055124959	-0.013967039055124959	-0.013967039055124959	-0.013967039055124959	-0.013967039055124959	-0.013967039055124959	-0.013967039055124959	-0.013967039055124959	-0.013967039055124959	-0.013967039055124959	-0.013967039055124959	-0.013967039055124959	-0.013967039055124959	-0.013967039055124959	-0.013967039055124959	-0.013967039055124959	-0.013967039055124959	-0.013967039055124959	-0.013967039055124959	-0.013967039055124959	-0.013967039055124959	-0.013967039055124959	-0.013967039055124959	-0.013967039055124959	-0.013967039055124959	-0.013967039055124959	-0.013967039055124959	-0.013967039055124959	-0.013967039055124959	-0.013967039055124959	-0.013967039055124962	-0.013967039055124964	-0.013967039055124964	-0.013967039055124964	-0.013967039055124964	-0.013967039055124964	-0.013967039055124964	-0.013967039055124964	-0.013967039055124964	-0.013967039055124964	-0.013967039055124964	-0.013967039055124964	-0.013967039055124964	-0.013967039055124964	-0.013967039055124964	-0.013967039055124964	-0.013967039055124964	-0.013967039055124964	-0.013967039055124964	-0.013967039055124964	-0.013967039055124964	-0.013967039055124964	-0.013967039055124964	-0.013967039055124964	-0.013967039055124964	-0.013967039055124964	-0.013967039055124964	-0.013967039055124964	-0.013967039055124962	-0.013967039055124959	-0.013967039055124959	-0.013967039055124959	-0.013967039055124959	-0.013967039055124959	-0.013967039055124959	-0.013967039055124959	-0.013967039055124959	-0.013967039055124959	-0.013967039055124959	-0.013967039055124959	-0.013967039055124959	-0.013967039055124959	-0.013967039055124959	-0.013967039055124959	-0.013967039055124959	-0.013967039055124959	-0.013967039055124959	-0.013967039055124959	-0.013967039055124959	-0.013967039055124959	-0.013967039055124959	-0.013967039055124959	-0.013967039055124959	-0.013967039055124959	-0.013967039055124959	-0.013967039055124959	-0.013967039055124959	-0.013967039055124959	-0.013967039055124959	-0.013967039055124962	-0.013967039055124964	-0.013967039055124964	-0.013967039055124964	-0.013967039055124964	-0.013967039055124964	-0.013967039055124964	-0.013967039055124964	-0.013967039055124964	-0.013967039055124964	-0.013967039055124964	-0.013967039055124964	-0.013967039055124964	-0.013967039055124964	-0.013967039055124964	-0.013967039055124964	-0.013967039055124964	-0.013967039055124964	-0.013967039055124964	-0.013967039055124964	-0.013967039055124964	-0.013967039055124964	-0.013967039055124964	-0.013967039055124964	-0.013967039055124964	-0.013967039055124964	-0.013967039055124964	-0.013967039055124964	-0.013967039055124964	-0.013967039055124964	-0.013967039055124964	-0.013967039055124964	-0.013967039055124964	-0.013967039055124964	-0.013967039055124964	-0.013967039055124964	-0.013967039055124964	-0.013967039055124964	-0.013967039055124964	-0.013967039055124964	-0.013967039055124964	-0.013967039055124964	-0.013967039055124964	-0.013967039055124964	-0.013967039055124964	-0.013967039055124964	-0.013967039055124964	-0.013967039055124964	-0.013967039055124964	-0.013967039055124964	-0.013967039055124964	-0.013967039055124964	-0.013967039055124964	-0.013967039055124964	-0.013967039055124964	-0.013967039055124964	-0.013967039055124964	-0.013967039055124964	-0.013967039055124964	-0.013967039055124964	-0.013967039055124964	-0.013967039055124964	-0.013967039055124964	-0.013967039055124964	-0.013967039055124964	-0.013967039055124964	-0.013967039055124964	-0.013967039055124964	-0.013967039055124964	-0.013967039055124964	-0.013967039055124964	-0.013967039055124964	-0.013967039055124964	-0.013967039055124964	-0.013967039055124964	-0.013967039055124964	-0.013967039055124964	-0.013967039055124964	-0.013967039055124964	-0.013967039055124964	-0.013967039055124964	-0.013967039055124964	-0.013967039055124964	-0.013967039055124964	-0.013967039055124964	-0.013967039055124964	-0.013967039055124964	-0.013967039055124964	-0.013967039055124964	-0.013967039055124964	-0.013967039055124964	-0.013967039055124964	-0.013967039055124964	-0.013967039055124964	-0.013967039055124964	-0.013967039055124964	-0.013967039055124964	-0.013967039055124964	-0.013967039055124964	-0.013967039055124964	-0.013967039055124964	-0.013967039055124964	-0.013967039055124964	-0.013967039055124964	-0.013967039055124964	-0.013967039055124964	-0.013967039055124962	-0.013967039055124959	-0.013967039055124959	-0.013967039055124959	-0.013967039055124962	-0.013967039055124964	-0.013967039055124964	-0.013967039055124964	-0.013967039055124964	-0.013967039055124964	-0.013967039055124964	-0.013967039055124964	-0.013967039055124964	-0.013967039055124964	-0.013967039055124964	-0.013967039055124962	-0.013967039055124959	-0.013967039055124959	-0.013967039055124959	-0.013967039055124959	-0.013967039055124959	-0.013967039055124959	-0.013967039055124959	-0.013967039055124959	-0.013967039055124959	-0.013967039055124959	-0.013967039055124959	-0.013967039055124959	-0.013967039055124959	-0.013967039055124959	-0.013967039055124959	-0.013967039055124959	-0.013967039055124959	-0.013967039055124959	-0.013967039055124959	-0.013967039055124959	-0.013967039055124959	-0.013967039055124959	-0.013967039055124959	-0.013967039055124959	-0.013967039055124959	-0.013967039055124959	-0.013967039055124959	-0.013967039055124959	-0.013967039055124959	-0.013967039055124959	-0.013967039055124959	-0.013967039055124959	-0.013967039055124959	-0.013967039055124959	-0.013967039055124959	-0.013967039055124959	-0.013967039055124959	-0.013967039055124959	-0.013967039055124959	-0.013967039055124962	-0.013967039055124964	-0.013967039055124964	-0.013967039055124964	-0.013967039055124964	-0.013967039055124962	-0.013967039055124959	-0.013967039055124954	-0.013967039055124949	-0.013967039055124938	-0.01396703905512492	-0.0139670390551249	-0.013967039055124867	-0.013967039055124824	-0.013967039055124761	-0.013967039055124673	-0.013967039055124548	-0.013967039055124366	-0.01396703905512411	-0.01396703905512375	-0.013967039055123242	-0.01396703905512252	-0.013967039055121507	-0.013967039055120076	-0.013967039055118062	-0.013967039055115234	-0.013967039055111267	-0.013967039055105702	-0.01396703905509791	-0.013967039055087015	-0.013967039055071802	-0.013967039055050583	-0.01396703905502103	-0.013967039054979926	-0.013967039054922834	-0.01396703905484364	-0.013967039054733947	-0.013967039054582221	-0.013967039054372653	-0.01396703905408361	-0.013967039053685532	-0.013967039053138106	-0.013967039052386413	-0.013967039051355806	-0.013967039049944955	-0.013967039048016553	-0.013967039045384877	-0.013967039041799145	-0.013967039036921314	-0.013967039030296561	-0.013967039021314038	-0.013967039009154858	-0.013967038992723297	-0.013967038970555975	-0.013967038940702264	-0.013967038900567075	-0.01396703884670479	-0.013967038774549623	-0.013967038678063719	-0.013967038549278948	-0.01396703837770173	-0.013967038149541804	-0.013967037846715371	-0.013967037445559858	-0.013967036915181138	-0.013967036215333671	-0.013967035293708803	-0.013967034082475394	-0.013967032493878881	-0.013967030414658178	-0.013967027698983251	-0.013967024159547512	-0.013967019556366422	-0.013967013582734491	-0.01396700584767439	-0.013966995854071412	-0.013966982971520618	-0.013966966402719492	-0.013966945142012173	-0.013966917924428855	-0.013966883163262214	-0.01396683887387863	-0.013966782581072966	-0.01396671120683958	-0.01396662093494877	-0.013966507048187651	-0.013966363733550397	-0.013966183850050605	-0.013965958653186936	-0.013965677469434895	-0.013965327313479907	-0.013964892440272655	-0.013964353823405452	-0.013963688550813926	-0.013962869128443984	-0.013961862682340382	-0.013960630049667598	-0.01395912474953176	-0.013957291825205349	-0.013955066550541545	-0.013952372995082549	-0.0139491224446976	-0.013945211677609662	-0.013940521099457072	-0.013934912745647428	-0.013928228164737395	-0.01392028620293202	-0.013910880717026317	-0.013899778251158122	-0.013886715721505747	-0.013871398162395443	-0.01385349659697188	-0.013832646105356564	-0.013808444172736342	-0.01378044940868353	-0.013748180736748465	-0.01371111715946831	-0.013668698207848625	-0.013620325185518992	-0.013565363315564564	-0.013503144891941895	-0.01343297352690842	-0.0133541295706324	-0.013265876758833362	-0.013167470118828989	-0.013058165133828408	-0.012937228130041544	-0.012803947811751941	-0.012657647826778641	-0.012497700199857022	-0.012323539425787483	-0.012134676969359357	-0.011930715876874469	-0.011711365166523612	-0.011476453633922957	-0.011225942686779459	-0.0109599378107796	-0.010678698269004866	-0.010382644650750469	-0.010072363913398923	-0.009748611603284982	-0.009412310997988092	-0.009064548982260601	-0.008706568551237241	-0.008339757925421066	-0.00796563635935814	-0.0075858368265522965	-0.007202085863312151	-0.0068161809499253535	-0.006429965894839902	-0.006045304762571957	-0.005664054945375965	-0.005288040019367776	-0.004919023045554761	-0.00455868097371777	-0.004208580781874912	-0.0038701579367023575	-0.0035446976923564416	-0.0032333196591392164	-0.0029369659727139785	-0.0026563932831219677	-0.002392168665170677	-0.0021446694326096734	-0.0019140867226521148	-0.0017004326093906905	-0.0015035504086027185	-0.0013231277558067973	-0.0011587119768890466	-0.0010097272279168414	-0.0008754928586908094	-0.0007552424529714828	-0.0006481430160580598	-0.0005533138155796452	-0.0004698444313953234	-0.0003968116322956743	-0.0003332947673472467	-0.00027838943469521703	-0.0002312192669779468	-0.00019094574698839836	-0.00015677603700094996	-0.00012796886791924063	-0.00010383858830680374	-8.375751725146972e-5	-6.715677829666993e-5	-5.352581431752798e-5	-4.241079569311464e-5	-3.341213730706335e-5	-2.6181334990943668e-5	-2.0417320415351347e-5	-1.5862516651524228e-5	-1.2298756208894967e-5	-9.543200776279533e-6	-7.444378503361154e-6	-5.878431625822844e-6	-4.745645526865738e-6	-3.9673106855252864e-6	-3.482951916183862e-6	-3.247945178637659e-6	-3.2315311789693916e-6	-3.4152269835427483e-6	-3.791631810473821e-6	-4.3636208412514745e-6	-5.143921055925904e-6	-6.155065463551951e-6	-7.429726404076285e-6	-9.0114345906251e-6	-1.0955698032068876e-5	-1.3331543762190863e-5	-1.622351529385935e-5	-1.973416985860822e-5	-2.3987131781020005e-5	-2.913077181940703e-5	-3.5342597069514796e-5	-4.283445220413678e-5	-5.185865056768741e-5	-6.27151731445621e-5	-7.576009487511962e-5	-9.141542141644524e-5	-0.00011018054545488819	-0.00013264556029061222	-0.0001595066998400321	-0.0001915842086340779	-0.00022984298300016354	-0.00027541636554381045	-0.00032963351939155523	-0.00039405085646775805	-0.00047048804533777555	-0.0005610691787640408	-0.0006682697389014647	-0.0007949700587045806	-0.0009445160412011323	-0.0011207879632246873	-0.0013282782562389107	-0.0015721792230791452	-0.001858481714614149	-0.0021940858530799623	-0.002586924947479535	-0.0030461037990071643	-0.0035820526386672754	-0.004206697972507158	-0.004933651629227568	-0.005778419307081657	-0.006758629898282942	-0.007894286825641571	-0.009208042553542324	-0.010725497329091364	-0.012475523064478845	-0.014490613083346465	-0.016807258217139347	-0.019466349447000826	-0.022513606937817527	-0.02600003489890858	-0.02998240122640605	-0.03452374033207797	-0.03969387693956221	-0.04556996793018559	-0.05223705854659488	-0.0597886484148325	-0.0683272619277023	-0.07796501654997047	-0.08882418156733723	-0.1010377187171919	-0.11474979502396856	-0.13011625703274873	-0.14730505451233133	-0.16649660060754395	-0.18788405438787112	-0.21167351079674734	-0.23808408218757685	-0.2673478549760985	-0.29970970448397444	-0.33542695083712853	-0.3747688388571205	-0.4180158252875141	-0.4654586574715188	-0.5173972287815409	-0.574139197731243	-0.63599835980648	-0.7032927636561688	-0.7763425664020692	-0.8554676264613471	-0.940984836419066	-1.0332052031169423	-1.1324306872019159	-1.2389508198489312	-1.3530391201648995	-1.4749493428054408	-1.6049115914850718	-1.7431283402102733	-1.889770410072574	-2.044972955150658	-2.208831516320342	-2.381398206384943	-2.56267809373784	-2.752625854576695	-2.951142765333542	-3.158074107307511	-3.3732070543459862	-3.5962691116984518	-3.8269271697784624	-4.06478723046266	-4.309394855722588	-4.560236378862284	-4.81674090750859	-5.0782831349094835	-5.344186962227957	-5.613729919615232	-5.88614835819481	-6.160643369018366	-6.436387368931559	-6.712531277505773	-6.988212194161067	-7.262561470742654	-7.534713062528425	-7.803812030330229	-8.069023058367419	-8.32953884725525	-8.584588239026674	-8.833443931794132	-9.075429645586496	-9.309926608117319	-9.536379239724004	-9.75429993035119	-9.963272818040418	-10.162956497654765	-10.353085610156732	-10.533471286238639	-10.704000442975472	-10.864633957860583	-11.015403770463813	-11.156408987331984	-11.287811089897842	-11.409828367303284	-11.522729715382832	-11.626827958800892	-11.722472864728708	-11.810044022788023	-11.88994376669559	-11.962590307697623	-12.028411238290515	-12.08783754696521	-12.141298261197653	-12.189215807409443	-12.232002144290446	-12.27005569121781	-12.30375903833791	-12.333477391226385	-12.359557673012972	-12.382328182472307	-12.402098689586499	-12.419160841765178	-12.433788754916222	-12.446239673789151	-12.456754604537872	-12.465558847550664	-12.472862387880163	-12.478860131217981	-12.483732002265914	-12.48764294668305	-12.490742895155218	-12.493166756949137	-12.495034509987162	-12.496451445500725	-12.49750860920636	-12.498283460033418	-12.498840744552492	-12.499233563351012	-12.49950458732266	-12.499687369175117	-12.499807689519427	-12.499884877798578	-12.499933055232933	-12.499962258375868	-12.499979415835922	-12.49998916520591	-12.49999451045599	-12.499997330680317	-12.499998758415833	-12.499999449653748	-12.499999768514753	-12.499999908061115	-12.499999965717388	-12.49999998807898	-12.499999996165476	-12.499999998870189	-12.499999999698762	-12.499999999928434	-12.499999999985157	-12.499999999997385	-12.499999999999623	-12.49999999999996	-12.499999999999996	-12.5	-12.5	-12.5	-12.5	-12.5	-12.5	-12.5	-12.5	-12.5	-12.5	-12.5	-12.5	-12.5	-12.5	-12.5	-12.5	-12.5	-12.5	-12.5	-12.5	-12.5	-12.5	-12.5	-12.5	-12.5	-12.5	-12.5	-12.5	-12.5	-12.5	-12.5	-12.5	-12.5	-12.5	-12.5	-12.5	-12.5	-12.5	-12.5	-12.5	-12.5	-12.5	-12.5	-12.5	-12.5	-12.5	-12.5	-12.5	-12.5	-12.5	-12.5	-12.5	-12.5	-12.5	-12.5	-12.5	-12.5	-12.5	-12.5	-12.5	-12.5	-12.5	-12.5	-12.5	-12.5	-12.5	-12.5	-12.5	-12.5	-12.5	-12.5	-12.5	-12.5	-12.5	-12.5	-12.5	-12.5	-12.5	-12.5	-12.5	-12.5	-12.5	-12.5	-12.5	-12.5	-12.5	-12.5	-12.5	-12.5	-12.5	-12.5	-12.5	-12.5	-12.5	-12.5	-12.5	-12.5	-12.5	-12.5	-12.5	-12.5	-12.5	-12.5	-12.5	-12.5	-12.5	-12.5	-12.5	-12.5	-12.5	-12.5	-12.5	-12.5	-12.5	-12.5	-12.5	-12.5	-12.5	-12.5	-12.5	-12.5	-12.5	-12.5	-12.5	-12.5	-12.5	-12.5	-12.5	-12.5	-12.5	-12.5	-12.5	-12.5	-12.5	-12.5	-12.5	-12.5	-12.5	-12.5	-12.5	-12.5	-12.5	-12.5	-12.5	-12.5	-12.5	-12.5	-12.5	-12.5	-12.5	-12.5
1.214306433183765e-17	1.214306433183765e-17	1.214306433183765e-17	1.214306433183765e-17	1.214306433183765e-17	8.673617379884035e-18	6.938893903907228e-18	3.469446951953614e-18	1.734723475976807e-18	0.0	-3.469446951953614e-18	-1.734723475976807e-18	-5.204170427930421e-18	-1.734723475976807e-18	0.0	0.0	0.0	0.0	0.0	0.0	0.0	0.0	0.0	-1.734723475976807e-18	-1.734723475976807e-18	-1.734723475976807e-18	-1.734723475976807e-18	-1.734723475976807e-18	0.0	0.0	0.0	0.0	0.0	0.0	0.0	0.0	0.0	0.0	0.0	0.0	0.0	0.0	0.0	0.0	0.0	0.0	0.0	0.0	0.0	0.0	0.0	-1.734723475976807e-18	-5.204170427930421e-18	-5.204170427930421e-18	-5.204170427930421e-18	-5.204170427930421e-18	-5.204170427930421e-18	-5.204170427930421e-18	-1.734723475976807e-18	0.0	0.0	0.0	0.0	0.0	0.0	1.734723475976807e-18	1.734723475976807e-18	1.734723475976807e-18	0.0	0.0	0.0	0.0	0.0	0.0	0.0	0.0	0.0	0.0	0.0	0.0	0.0	-1.734723475976807e-18	-5.204170427930421e-18	-5.204170427930421e-18	-5.204170427930421e-18	-5.204170427930421e-18	-5.204170427930421e-18	-5.204170427930421e-18	-5.204170427930421e-18	-5.204170427930421e-18	-5.204170427930421e-18	-1.734723475976807e-18	0.0	0.0	0.0	0.0	0.0	0.0	0.0	0.0	-1.734723475976807e-18	0.0	1.734723475976807e-18	1.734723475976807e-18	0.0	3.469446951953614e-18	3.469446951953614e-18	0.0	3.469446951953614e-18	3.469446951953614e-18	3.469446951953614e-18	3.469446951953614e-18	3.469446951953614e-18	-1.734723475976807e-18	0.0	0.0	0.0	-3.469446951953614e-18	0.0	1.734723475976807e-18	1.734723475976807e-18	1.734723475976807e-18	0.0	0.0	0.0	0.0	-3.469446951953614e-18	0.0	0.0	1.734723475976807e-18	5.204170427930421e-18	1.734723475976807e-18	1.734723475976807e-18	1.734723475976807e-18	1.734723475976807e-18	5.204170427930421e-18	6.938893903907228e-18	8.673617379884035e-18	1.0408340855860843e-17	1.0408340855860843e-17	1.0408340855860843e-17	5.204170427930421e-18	6.938893903907228e-18	6.938893903907228e-18	3.469446951953614e-18	3.469446951953614e-18	3.469446951953614e-18	3.469446951953614e-18	0.0	0.0	3.469446951953614e-18	5.204170427930421e-18	0.0	0.0	0.0	0.0	0.0	0.0	-3.469446951953614e-18	-3.469446951953614e-18	-5.204170427930421e-18	-1.734723475976807e-18	-1.734723475976807e-18	-5.204170427930421e-18	-1.734723475976807e-18	-1.734723475976807e-18	-1.734723475976807e-18	-3.469446951953614e-18	0.0	-1.734723475976807e-18	-1.734723475976807e-18	-3.469446951953614e-18	-1.734723475976807e-18	-3.469446951953614e-18	0.0	-3.469446951953614e-18	-1.734723475976807e-18	-1.734723475976807e-18	0.0	0.0	1.734723475976807e-18	3.469446951953614e-18	1.734723475976807e-18	3.469446951953614e-18	1.734723475976807e-18	0.0	0.0	1.734723475976807e-18	1.734723475976807e-18	1.734723475976807e-18	1.734723475976807e-18	0.0	-3.469446951953614e-18	-1.734723475976807e-18	-3.469446951953614e-18	-1.734723475976807e-18	-1.734723475976807e-18	-1.734723475976807e-18	-1.734723475976807e-18	0.0	1.734723475976807e-18	1.734723475976807e-18	1.734723475976807e-18	0.0	-1.734723475976807e-18	-3.469446951953614e-18	-1.734723475976807e-18	-3.469446951953614e-18	-5.204170427930421e-18	-1.734723475976807e-18	-1.734723475976807e-18	-1.734723475976807e-18	0.0	0.0	0.0	0.0	-1.734723475976807e-18	0.0	-3.469446951953614e-18	-1.734723475976807e-18	0.0	-1.734723475976807e-18	0.0	1.734723475976807e-18	5.204170427930421e-18	5.204170427930421e-18	3.469446951953614e-18	5.204170427930421e-18	3.469446951953614e-18	5.204170427930421e-18	1.734723475976807e-18	1.734723475976807e-18	0.0	1.734723475976807e-18	1.734723475976807e-18	1.734723475976807e-18	0.0	0.0	0.0	0.0	-1.734723475976807e-18	-5.204170427930421e-18	-5.204170427930421e-18	-3.469446951953614e-18	0.0	-1.734723475976807e-18	-5.204170427930421e-18	-1.734723475976807e-18	0.0	0.0	-1.734723475976807e-18	-1.734723475976807e-18	-1.734723475976807e-18	1.734723475976807e-18	3.469446951953614e-18	0.0	0.0	0.0	0.0	0.0	1.734723475976807e-18	0.0	1.734723475976807e-18	1.734723475976807e-18	0.0	0.0	0.0	1.734723475976807e-18	1.734723475976807e-18	3.469446951953614e-18	3.469446951953614e-18	0.0	0.0	-3.469446951953614e-18	-3.469446951953614e-18	-3.469446951953614e-18	0.0	3.469446951953614e-18	5.204170427930421e-18	5.204170427930421e-18	1.734723475976807e-18	3.469446951953614e-18	6.938893903907228e-18	6.938893903907228e-18	5.204170427930421e-18	6.938893903907228e-18	6.938893903907228e-18	5.204170427930421e-18	3.469446951953614e-18	3.469446951953614e-18	5.204170427930421e-18	5.204170427930421e-18	6.938893903907228e-18	6.938893903907228e-18	5.204170427930421e-18	1.734723475976807e-18	3.469446951953614e-18	3.469446951953614e-18	1.734723475976807e-18	5.204170427930421e-18	6.938893903907228e-18	1.0408340855860843e-17	1.214306433183765e-17	1.214306433183765e-17	8.673617379884035e-18	8.673617379884035e-18	6.938893903907228e-18	6.938893903907228e-18	5.204170427930421e-18	3.469446951953614e-18	3.469446951953614e-18	1.734723475976807e-18	1.734723475976807e-18	0.0	3.469446951953614e-18	3.469446951953614e-18	1.734723475976807e-18	0.0	0.0	0.0	5.204170427930421e-18	3.469446951953614e-18	8.673617379884035e-18	5.204170427930421e-18	8.673617379884035e-18	6.938893903907228e-18	5.204170427930421e-18	5.204170427930421e-18	3.469446951953614e-18	0.0	0.0	3.469446951953614e-18	3.469446951953614e-18	3.469446951953614e-18	1.734723475976807e-18	-3.469446951953614e-18	-1.734723475976807e-18	-3.469446951953614e-18	0.0	0.0	1.734723475976807e-18	1.734723475976807e-18	1.734723475976807e-18	0.0	0.0	1.734723475976807e-18	0.0	-1.734723475976807e-18	-3.469446951953614e-18	-1.734723475976807e-18	-3.469446951953614e-18	-5.204170427930421e-18	-5.204170427930421e-18	-3.469446951953614e-18	-5.204170427930421e-18	-1.734723475976807e-18	-5.204170427930421e-18	-5.204170427930421e-18	-3.469446951953614e-18	0.0	1.734723475976807e-18	3.469446951953614e-18	3.469446951953614e-18	0.0	3.469446951953614e-18	5.204170427930421e-18	3.469446951953614e-18	5.204170427930421e-18	5.204170427930421e-18	5.204170427930421e-18	5.204170427930421e-18	1.734723475976807e-18	3.469446951953614e-18	5.204170427930421e-18	3.469446951953614e-18	3.469446951953614e-18	0.0	0.0	0.0	0.0	-1.734723475976807e-18	-3.469446951953614e-18	-5.204170427930421e-18	-3.469446951953614e-18	-3.469446951953614e-18	-1.734723475976807e-18	-1.734723475976807e-18	-1.734723475976807e-18	-5.204170427930421e-18	-3.469446951953614e-18	-3.469446951953614e-18	0.0	-1.734723475976807e-18	-3.469446951953614e-18	0.0	-1.734723475976807e-18	-1.734723475976807e-18	-3.469446951953614e-18	0.0	-3.469446951953614e-18	0.0	3.469446951953614e-18	1.734723475976807e-18	5.204170427930421e-18	1.734723475976807e-18	3.469446951953614e-18	1.734723475976807e-18	-3.469446951953614e-18	0.0	0.0	0.0	3.469446951953614e-18	0.0	-3.469446951953614e-18	-1.734723475976807e-18	-5.204170427930421e-18	-5.204170427930421e-18	-1.734723475976807e-18	-1.734723475976807e-18	-5.204170427930421e-18	-5.204170427930421e-18	-5.204170427930421e-18	-8.673617379884035e-18	-6.938893903907228e-18	-5.204170427930421e-18	-5.204170427930421e-18	-1.734723475976807e-18	0.0	0.0	0.0	0.0	-3.469446951953614e-18	0.0	3.469446951953614e-18	5.204170427930421e-18	5.204170427930421e-18	6.938893903907228e-18	8.673617379884035e-18	6.938893903907228e-18	8.673617379884035e-18	8.673617379884035e-18	8.673617379884035e-18	6.938893903907228e-18	1.0408340855860843e-17	1.0408340855860843e-17	6.938893903907228e-18	8.673617379884035e-18	8.673617379884035e-18	5.204170427930421e-18	5.204170427930421e-18	3.469446951953614e-18	-1.734723475976807e-18	-3.469446951953614e-18	0.0	0.0	0.0	-3.469446951953614e-18	-3.469446951953614e-18	0.0	3.469446951953614e-18	5.204170427930421e-18	5.204170427930421e-18	1.734723475976807e-18	-1.734723475976807e-18	-5.204170427930421e-18	-6.938893903907228e-18	-5.204170427930421e-18	-6.938893903907228e-18	-1.0408340855860843e-17	-1.0408340855860843e-17	-1.214306433183765e-17	-8.673617379884035e-18	-6.938893903907228e-18	-6.938893903907228e-18	-6.938893903907228e-18	-1.0408340855860843e-17	-8.673617379884035e-18	-8.673617379884035e-18	-3.469446951953614e-18	-3.469446951953614e-18	-1.734723475976807e-18	-5.204170427930421e-18	0.0	0.0	3.469446951953614e-18	0.0	0.0	0.0	-1.734723475976807e-18	0.0	1.734723475976807e-18	1.734723475976807e-18	1.734723475976807e-18	1.734723475976807e-18	0.0	-3.469446951953614e-18	-8.673617379884035e-18	-5.204170427930421e-18	-3.469446951953614e-18	-3.469446951953614e-18	-1.734723475976807e-18	-3.469446951953614e-18	-1.734723475976807e-18	-1.734723475976807e-18	-5.204170427930421e-18	-5.204170427930421e-18	-5.204170427930421e-18	-5.204170427930421e-18	-1.734723475976807e-18	-1.734723475976807e-18	-5.204170427930421e-18	-5.204170427930421e-18	-5.204170427930421e-18	-5.204170427930421e-18	-5.204170427930421e-18	-5.204170427930421e-18	-1.734723475976807e-18	-3.469446951953614e-18	0.0	-1.734723475976807e-18	0.0	0.0	-3.469446951953614e-18	-5.204170427930421e-18	-5.204170427930421e-18	-6.938893903907228e-18	-8.673617379884035e-18	-5.204170427930421e-18	-5.204170427930421e-18	0.0	-1.734723475976807e-18	-5.204170427930421e-18	-6.938893903907228e-18	-6.938893903907228e-18	-1.734723475976807e-18	-6.938893903907228e-18	-6.938893903907228e-18	-6.938893903907228e-18	-5.204170427930421e-18	-3.469446951953614e-18	-1.0408340855860843e-17	-5.204170427930421e-18	-6.938893903907228e-18	-5.204170427930421e-18	-3.469446951953614e-18	-6.938893903907228e-18	-5.204170427930421e-18	0.0	1.734723475976807e-18	3.469446951953614e-18	1.734723475976807e-18	1.734723475976807e-18	1.734723475976807e-18	0.0	0.0	3.469446951953614e-18	1.734723475976807e-18	3.469446951953614e-18	-1.734723475976807e-18	-1.734723475976807e-18	-1.734723475976807e-18	-1.734723475976807e-18	-1.734723475976807e-18	0.0	1.734723475976807e-18	1.734723475976807e-18	1.734723475976807e-18	0.0	0.0	-1.734723475976807e-18	-5.204170427930421e-18	-8.673617379884035e-18	-5.204170427930421e-18	-1.734723475976807e-18	-1.734723475976807e-18	-5.204170427930421e-18	-3.469446951953614e-18	-1.734723475976807e-18	-1.734723475976807e-18	0.0	-3.469446951953614e-18	-6.938893903907228e-18	-5.204170427930421e-18	-6.938893903907228e-18	-6.938893903907228e-18	-5.204170427930421e-18	-6.938893903907228e-18	-5.204170427930421e-18	-5.204170427930421e-18	-8.673617379884035e-18	-8.673617379884035e-18	-1.0408340855860843e-17	-1.3877787807814457e-17	0.0	0.0	0.0	0.0	0.0	0.0	0.0	0.0	0.0	0.0	0.0	0.0	0.0	0.0	0.0	0.0	0.0	0.0	0.0	0.0	0.0	0.0	0.0	0.0	0.0	0.0	0.0	0.0	0.0	0.0	0.0	0.0	0.0	0.0	0.0	0.0	0.0	0.0	0.0	0.0	0.0	0.0	0.0	0.0	0.0	0.0	0.0	0.0	0.0	0.0	0.0	0.0	0.0	0.0	0.0	0.0	0.0	0.0	0.0	0.0	0.0	0.0	0.0	0.0	0.0	0.0	0.0	0.0	0.0	0.0	0.0	0.0	0.0	0.0	0.0	0.0	0.0	0.0	0.0	0.0	0.0	0.0	0.0	0.0	0.0	0.0	0.0	0.0	0.0	0.0	0.0	0.0	0.0	0.0	0.0	0.0	0.0	0.0	0.0	0.0	0.0	0.0	0.0	0.0	0.0	0.0	0.0	0.0	0.0	0.0	0.0	0.0	0.0	0.0	0.0	0.0	0.0	0.0	0.0	0.0	0.0	0.0	0.0	0.0	0.0	0.0	0.0	0.0	0.0	0.0	0.0	0.0	0.0	0.0	0.0	0.0	0.0	0.0	0.0	0.0	0.0	0.0	0.0	0.0	0.0	0.0	0.0	0.0	0.0	0.0	0.0	0.0	0.0	0.0	0.0	0.0	0.0	0.0	0.0	0.0	0.0	0.0	0.0	0.0	0.0	0.0	0.0	0.0	0.0	0.0	0.0	0.0	0.0	0.0	0.0	0.0	0.0	0.0	0.0	0.0	0.0	0.0	0.0	0.0	0.0	0.0	0.0	0.0	0.0	0.0	0.0	0.0	0.0	0.0	0.0	0.0	0.0	0.0	0.0	0.0	0.0	0.0	0.0	0.0	0.0	0.0	0.0	0.0	0.0	0.0	0.0	0.0	0.0	0.0	0.0	0.0	0.0	0.0	0.0	0.0	0.0	0.0	0.0	0.0	0.0	0.0	0.0	0.0	0.0	0.0	0.0	0.0	0.0	0.0	0.0	0.0	0.0	0.0	0.0	0.0	0.0	0.0	0.0	0.0	0.0	0.0	0.0	0.0	0.0	0.0	0.0	0.0	0.0	0.0	0.0	0.0	0.0	0.0	0.0	0.0	0.0	0.0	0.0	0.0	0.0	0.0	0.0	0.0	0.0	0.0	0.0	0.0	0.0	0.0	0.0	0.0	0.0	0.0	0.0	0.0	0.0	0.0	0.0	0.0	0.0	0.0	0.0	0.0	0.0	0.0	0.0	0.0	0.0	0.0	0.0	0.0	0.0	0.0	0.0	0.0	0.0	0.0	0.0	0.0	0.0	0.0	0.0	-6.067209183860529	-6.078561183582909	-6.091037864595124	-6.104158647655602	-6.117501424613565	-6.130767253422681	-6.143736607204644	-6.156233421673479	-6.168111860480586	-6.1792529930578155	-6.189564234004742	-6.198979331215552	-6.207458169460612	-6.214986029689614	-6.221572107246029	-6.227247224731967	-6.232060794961781	-6.236077186736431	-6.2393717131173485	-6.242026496071793	-6.244126464314661	-6.245755716827576	-6.246994438603275	-6.247916494715856	-6.248587761743657	-6.249065189794202	-6.249396530966109	-6.249620626421812	-6.249768117473353	-6.249862436856898	-6.249920943026217	-6.249956079355886	-6.249976467066791	-6.249987870682061	-6.249994003617376	-6.249997165899856	-6.249998724139154	-6.249999455231508	-6.249999780458671	-6.249999916969195	-6.249999970727565	-6.249999990457116	-6.249999997151278	-6.249999999230704	-6.249999999814946	-6.249999999961146	-6.249999999993072	-6.249999999998989	-6.2499999999998845	-6.249999999999989	-6.2499999999999964	-6.249999999999998	-6.25	-6.25	-6.25	-6.25	-6.25	-6.25	-6.25	-6.25	-6.25	-6.25	-6.25	-6.25	-6.25	-6.25	-6.25	-6.25	-6.25	-6.25	-6.25	-6.25	-6.25	-6.25	-6.25	-6.25	-6.25	-6.25	-6.25	-6.25	-6.25	-6.25	-6.25	-6.25	-6.25	-6.25	-6.25	-6.25	-6.25	-6.25	-6.25	-6.25	-6.25	-6.25	-6.25	-6.25	-6.25	-6.25	-6.25	-6.25	-6.25
-8.506232906970171e-13	-8.506232906970171e-13	-8.506232906970171e-13	0.01891154532278836	0.022928794769732776	0.028311709247774763	0.03667883127004477	4.9319430592217534e-12	4.9319430603216e-12	4.9319430624022774e-12	4.931943066152913e-12	4.931943072780294e-12	4.931943084471335e-12	4.931943105172221e-12	4.9319431419191424e-12	4.931943207138102e-12	4.931943322597094e-12	4.931943526122242e-12	4.931943882872804e-12	4.9319445039904266e-12	4.931945576851652e-12	4.93194741288438e-12	4.931950520457404e-12	4.9319557101094604e-12	4.931964233134898e-12	4.931977932215698e-12	4.93199932161868e-12	-8.50623290697017e-13	-8.50623290697017e-13	-8.50623290697017e-13	-8.50623290697017e-13	-8.50623290697017e-13	-8.50623290697017e-13	-8.50623290697017e-13	-8.50623290697017e-13	-8.50623290697017e-13	-8.50623290697017e-13	-8.50623290697017e-13	-8.50623290697017e-13	-8.50623290697017e-13	-8.50623290697017e-13	-8.50623290697017e-13	-8.50623290697017e-13	-8.50623290697017e-13	-8.50623290697017e-13	-8.50623290697017e-13	-8.50623290697017e-13	-8.50623290697017e-13	-8.50623290697017e-13	-8.50623290697017e-13	-8.50623290697017e-13	-8.50623290697017e-13	-8.50623290697017e-13	-8.50623290697017e-13	-8.50623290697017e-13	-8.50623290697017e-13	-8.50623290697017e-13	-8.50623290697017e-13	-8.50623290697017e-13	-8.50623290697017e-13	-8.50623290697017e-13	-8.50623290697017e-13	-8.50623290697017e-13	-8.50623290697017e-13	-8.50623290697017e-13	-8.50623290697017e-13	-8.50623290697017e-13	-8.50623290697017e-13	-8.50623290697017e-13	-8.50623290697017e-13	-8.50623290697017e-13	-8.50623290697017e-13	-8.50623290697017e-13	-8.50623290697017e-13	-8.50623290697017e-13	-8.50623290697017e-13	-8.506232906970171e-13	-8.50623290697017e-13	-8.50623290697017e-13	-8.506232906970168e-13	-8.506232906970167e-13	-8.506232906970167e-13	-8.506232906970167e-13	-8.506232906970167e-13	-8.506232906970167e-13	-8.506232906970167e-13	-8.506232906970167e-13	-8.506232906970167e-13	-8.506232906970167e-13	-8.506232906970167e-13	-8.506232906970167e-13	-8.506232906970167e-13	-8.506232906970167e-13	-8.506232906970167e-13	-8.506232906970167e-13	-8.506232906970167e-13	-8.506232906970167e-13	-8.506232906970167e-13	-8.506232906970167e-13	-8.506232906970167e-13	-8.506232906970167e-13	-8.506232906970167e-13	-8.506232906970168e-13	-8.50623290697017e-13	-8.50623290697017e-13	-8.50623290697017e-13	-8.50623290697017e-13	-8.50623290697017e-13	-8.50623290697017e-13	-8.50623290697017e-13	-8.50623290697017e-13	-8.50623290697017e-13	-8.50623290697017e-13	-8.50623290697017e-13	-8.50623290697017e-13	-8.50623290697017e-13	-8.50623290697017e-13	-8.50623290697017e-13	-8.50623290697017e-13	-8.50623290697017e-13	-8.50623290697017e-13	-8.50623290697017e-13	-8.50623290697017e-13	-8.50623290697017e-13	-8.50623290697017e-13	-8.50623290697017e-13	-8.50623290697017e-13	-8.50623290697017e-13	-8.50623290697017e-13	-8.50623290697017e-13	-8.50623290697017e-13	-8.50623290697017e-13	-8.50623290697017e-13	-8.50623290697017e-13	-8.50623290697017e-13	-8.50623290697017e-13	-8.50623290697017e-13	-8.50623290697017e-13	-8.50623290697017e-13	-8.50623290697017e-13	-8.50623290697017e-13	-8.50623290697017e-13	-8.50623290697017e-13	-8.50623290697017e-13	-8.50623290697017e-13	-8.50623290697017e-13	-8.50623290697017e-13	-8.50623290697017e-13	-8.50623290697017e-13	-8.50623290697017e-13	-8.50623290697017e-13	-8.50623290697017e-13	-8.50623290697017e-13	-8.50623290697017e-13	-8.50623290697017e-13	-8.50623290697017e-13	-8.50623290697017e-13	-8.50623290697017e-13	-8.50623290697017e-13	-8.50623290697017e-13	-8.50623290697017e-13	-8.50623290697017e-13	-8.50623290697017e-13	-8.50623290697017e-13	-8.50623290697017e-13	-8.50623290697017e-13	-8.50623290697017e-13	-8.50623290697017e-13	-8.50623290697017e-13	-8.50623290697017e-13	-8.50623290697017e-13	-8.50623290697017e-13	-8.50623290697017e-13	-8.50623290697017e-13	-8.50623290697017e-13	-8.50623290697017e-13	-8.50623290697017e-13	-8.50623290697017e-13	-8.50623290697017e-13	-8.50623290697017e-13	-8.50623290697017e-13	-8.50623290697017e-13	-8.50623290697017e-13	-8.50623290697017e-13	-8.50623290697017e-13	-8.50623290697017e-13	-8.50623290697017e-13	-8.50623290697017e-13	-8.50623290697017e-13	-8.50623290697017e-13	-8.50623290697017e-13	-8.506232906970171e-13	-8.506232906970173e-13	-8.506232906970175e-13	-8.506232906970176e-13	-8.506232906970176e-13	-8.506232906970176e-13	-8.506232906970176e-13	-8.506232906970176e-13	-8.506232906970176e-13	-8.506232906970176e-13	-8.506232906970176e-13	-8.506232906970176e-13	-8.506232906970176e-13	-8.506232906970176e-13	-8.506232906970176e-13	-8.506232906970176e-13	-8.506232906970176e-13	-8.506232906970176e-13	-8.506232906970176e-13	-8.506232906970176e-13	-8.506232906970176e-13	-8.506232906970176e-13	-8.506232906970176e-13	-8.506232906970176e-13	-8.506232906970176e-13	-8.506232906970176e-13	-8.506232906970176e-13	-8.506232906970176e-13	-8.506232906970176e-13	-8.506232906970176e-13	-8.506232906970176e-13	-8.506232906970176e-13	-8.506232906970176e-13	-8.506232906970176e-13	-8.506232906970176e-13	-8.506232906970176e-13	-8.506232906970176e-13	-8.506232906970176e-13	-8.506232906970176e-13	-8.506232906970176e-13	-8.506232906970176e-13	-8.506232906970176e-13	-8.506232906970176e-13	-8.506232906970176e-13	-8.506232906970176e-13	-8.506232906970176e-13	-8.506232906970176e-13	-8.506232906970176e-13	-8.506232906970176e-13	-8.506232906970176e-13	-8.506232906970176e-13	-8.506232906970176e-13	-8.506232906970176e-13	-8.506232906970176e-13	-8.506232906970176e-13	-8.506232906970176e-13	-8.506232906970176e-13	-8.506232906970176e-13	-8.506232906970176e-13	-8.506232906970176e-13	-8.506232906970176e-13	-8.506232906970176e-13	-8.506232906970176e-13	-8.506232906970176e-13	-8.506232906970176e-13	-8.506232906970176e-13	-8.506232906970176e-13	-8.506232906970176e-13	-8.506232906970176e-13	-8.506232906970176e-13	-8.506232906970176e-13	-8.506232906970176e-13	-8.506232906970176e-13	-8.506232906970176e-13	-8.506232906970176e-13	-8.506232906970176e-13	-8.506232906970176e-13	-8.506232906970176e-13	-8.506232906970176e-13	-8.506232906970176e-13	-8.506232906970176e-13	-8.506232906970176e-13	-8.506232906970176e-13	-8.506232906970176e-13	-8.506232906970176e-13	-8.506232906970176e-13	-8.506232906970176e-13	-8.506232906970173e-13	-8.506232906970173e-13	-8.506232906970175e-13	-8.506232906970176e-13	-8.506232906970176e-13	-8.506232906970178e-13	-8.506232906970179e-13	-8.506232906970179e-13	-8.506232906970179e-13	-8.506232906970179e-13	-8.506232906970179e-13	-8.506232906970179e-13	-8.506232906970179e-13	-8.506232906970179e-13	-8.506232906970179e-13	-8.506232906970179e-13	-8.506232906970179e-13	-8.506232906970179e-13	-8.506232906970179e-13	-8.506232906970179e-13	-8.506232906970179e-13	-8.506232906970179e-13	-8.506232906970179e-13	-8.506232906970179e-13	-8.506232906970179e-13	-8.506232906970179e-13	-8.506232906970179e-13	-8.506232906970179e-13	-8.506232906970179e-13	-8.506232906970179e-13	-8.506232906970179e-13	-8.506232906970179e-13	-8.506232906970179e-13	-8.506232906970179e-13	-8.506232906970179e-13	-8.506232906970179e-13	-8.506232906970179e-13	-8.506232906970179e-13	-8.506232906970179e-13	-8.506232906970179e-13	-8.506232906970179e-13	-8.506232906970179e-13	-8.506232906970179e-13	-8.506232906970179e-13	-8.506232906970179e-13	-8.506232906970179e-13	-8.506232906970179e-13	-8.506232906970179e-13	-8.506232906970179e-13	-8.506232906970179e-13	-8.506232906970179e-13	-8.506232906970179e-13	-8.506232906970179e-13	-8.506232906970179e-13	-8.506232906970179e-13	-8.506232906970179e-13	-8.506232906970179e-13	-8.506232906970179e-13	-8.506232906970179e-13	-8.506232906970179e-13	-8.506232906970179e-13	-8.506232906970179e-13	-8.506232906970179e-13	-8.506232906970179e-13	-8.506232906970179e-13	-8.506232906970179e-13	-8.506232906970179e-13	-8.506232906970179e-13	-8.506232906970179e-13	-8.506232906970179e-13	-8.506232906970179e-13	-8.506232906970179e-13	-8.506232906970179e-13	-8.506232906970179e-13	-8.506232906970179e-13	-8.506232906970179e-13	-8.506232906970179e-13	-8.506232906970179e-13	-8.506232906970179e-13	-8.506232906970179e-13	-8.506232906970179e-13	-8.506232906970179e-13	-8.506232906970179e-13	-8.506232906970179e-13	-8.506232906970179e-13	-8.506232906970179e-13	-8.506232906970179e-13	-8.506232906970179e-13	-8.506232906970179e-13	-8.506232906970179e-13	-8.506232906970179e-13	-8.506232906970179e-13	-8.506232906970179e-13	-8.506232906970179e-13	-8.506232906970179e-13	-8.506232906970179e-13	-8.506232906970179e-13	-8.506232906970179e-13	-8.506232906970179e-13	-8.506232906970179e-13	-8.506232906970179e-13	-8.506232906970179e-13	-8.506232906970179e-13	-8.506232906970179e-13	-8.506232906970179e-13	-8.506232906970179e-13	-8.506232906970179e-13	-8.506232906970179e-13	-8.506232906970179e-13	-8.506232906970179e-13	-8.506232906970179e-13	-8.506232906970179e-13	-8.506232906970179e-13	-8.506232906970179e-13	-8.506232906970179e-13	-8.506232906970179e-13	-8.506232906970178e-13	-8.506232906970178e-13	-8.506232906970178e-13	-8.506232906970178e-13	-8.506232906970176e-13	-8.506232906970176e-13	-8.506232906970176e-13	-8.506232906970176e-13	-8.506232906970175e-13	-8.506232906970175e-13	-8.506232906970173e-13	-8.506232906970173e-13	-8.506232906970173e-13	-8.506232906970173e-13	-8.506232906970175e-13	-8.506232906970176e-13	-8.506232906970176e-13	-8.506232906970176e-13	-8.506232906970176e-13	-8.506232906970176e-13	-8.506232906970176e-13	-8.506232906970176e-13	-8.506232906970176e-13	-8.506232906970176e-13	-8.506232906970176e-13	-8.506232906970176e-13	-8.506232906970176e-13	-8.506232906970176e-13	-8.506232906970176e-13	-8.506232906970176e-13	-8.506232906970176e-13	-8.506232906970176e-13	-8.506232906970175e-13	-8.506232906970173e-13	-8.506232906970173e-13	-8.506232906970173e-13	-8.506232906970173e-13	-8.506232906970173e-13	-8.506232906970173e-13	-8.506232906970173e-13	-8.506232906970173e-13	-8.506232906970173e-13	-8.506232906970173e-13	-8.506232906970173e-13	-8.506232906970173e-13	-8.506232906970173e-13	-8.506232906970173e-13	-8.506232906970173e-13	-8.506232906970173e-13	-8.506232906970171e-13	-8.506232906970171e-13	-8.50623290697017e-13	-8.50623290697017e-13	-8.50623290697017e-13	-8.50623290697017e-13	-8.50623290697017e-13	-8.50623290697017e-13	-8.50623290697017e-13	-8.506232906970171e-13	-8.506232906970173e-13	-8.506232906970173e-13	-8.506232906970173e-13	-8.506232906970173e-13	-8.506232906970173e-13	-8.506232906970173e-13	-8.506232906970173e-13	-8.506232906970173e-13	-8.506232906970173e-13	-8.506232906970173e-13	-8.506232906970173e-13	-8.506232906970173e-13	-8.506232906970173e-13	-8.506232906970173e-13	-8.506232906970173e-13	-8.506232906970173e-13	-8.506232906970175e-13	-8.506232906970176e-13	-8.506232906970176e-13	-8.506232906970176e-13	-8.506232906970176e-13	-8.506232906970176e-13	-8.506232906970178e-13	-8.506232906970179e-13	-8.506232906970179e-13	-8.506232906970179e-13	-8.506232906970179e-13	-8.506232906970179e-13	-8.506232906970179e-13	-8.506232906970179e-13	-8.506232906970179e-13	-8.506232906970179e-13	-8.506232906970179e-13	-8.506232906970179e-13	-8.506232906970179e-13	-8.506232906970179e-13	-8.506232906970179e-13	-8.506232906970179e-13	-8.506232906970179e-13	-8.506232906970179e-13	-8.506232906970179e-13	-8.506232906970179e-13	-8.506232906970179e-13	-8.506232906970179e-13	-8.506232906970179e-13	-8.506232906970179e-13	-8.506232906970179e-13	-8.506232906970179e-13	-8.506232906970179e-13	-8.506232906970179e-13	-8.506232906970179e-13	-8.506232906970179e-13	-8.506232906970179e-13	-8.506232906970179e-13	-8.506232906970179e-13	-8.506232906970179e-13	-8.506232906970179e-13	-8.506232906970179e-13	-8.506232906970179e-13	-8.506232906970179e-13	-8.506232906970179e-13	-8.506232906970179e-13	-8.506232906970179e-13	-8.506232906970179e-13	-8.506232906970179e-13	-8.506232906970179e-13	-8.506232906970179e-13	-8.506232906970179e-13	-8.506232906970179e-13	-8.506232906970179e-13	-8.506232906970179e-13	-8.506232906970179e-13	-8.506232906970179e-13	-8.506232906970179e-13	-8.506232906970181e-13	-8.506232906970182e-13	-8.506232906970182e-13	-8.506232906970182e-13	-8.506232906970182e-13	-8.506232906970182e-13	-8.506232906970184e-13	-8.506232906970185e-13	-8.506232906970189e-13	-8.506232906970192e-13	-8.506232906970195e-13	-8.506232906970198e-13	-8.506232906970204e-13	-8.506232906970214e-13	-8.506232906970229e-13	-8.506232906970253e-13	-8.506232906970286e-13	-8.50623290697033e-13	-8.506232906970395e-13	-8.506232906970488e-13	-8.506232906970621e-13	-8.50623290697081e-13	-8.506232906971081e-13	-8.506232906971466e-13	-8.506232906972013e-13	-8.506232906972796e-13	-8.506232906973911e-13	-8.506232906975499e-13	-8.506232906977762e-13	-8.506232906980982e-13	-8.506232906985565e-13	-8.506232906992087e-13	-8.506232907001357e-13	-8.506232907014529e-13	-8.506232907033237e-13	-8.506232907059793e-13	-8.50623290709747e-13	-8.5062329071509e-13	-8.506232907226631e-13	-8.506232907333913e-13	-8.506232907485814e-13	-8.506232907700781e-13	-8.506232908004833e-13	-8.506232908434663e-13	-8.506232909041967e-13	-8.506232909899563e-13	-8.506232911109935e-13	-8.506232912817255e-13	-8.50623291522421e-13	-8.50623291861558e-13	-8.506232923391247e-13	-8.506232930112382e-13	-8.506232939566003e-13	-8.506232952855173e-13	-8.506232971524954e-13	-8.506232997738126e-13	-8.506233034520187e-13	-8.506233086100735e-13	-8.50623315838876e-13	-8.506233259633962e-13	-8.506233401346172e-13	-8.506233599572736e-13	-8.506233876671909e-13	-8.506234263772984e-13	-8.506234804186584e-13	-8.506235558128447e-13	-8.506236609257629e-13	-8.506238073718994e-13	-8.506240112639472e-13	-8.506242949383589e-13	-8.506246893361966e-13	-8.506252372855024e-13	-8.506259980229011e-13	-8.506270534172298e-13	-8.506285165288612e-13	-8.506305433715782e-13	-8.506333490618504e-13	-8.506372299735602e-13	-8.506425941058768e-13	-8.506500026738158e-13	-8.506602270204348e-13	-8.506743264283566e-13	-8.506937544136748e-13	-8.507205038022623e-13	-8.507573045661546e-13	-8.508078933709646e-13	-8.508773805042665e-13	-8.509727489235859e-13	-8.51103532390956e-13	-8.51282736133674e-13	-8.515280856392774e-13	-8.518637189966358e-13	-8.523224782241887e-13	-8.529490087346068e-13	-8.538039480735518e-13	-8.549695814613284e-13	-8.565574705980137e-13	-8.587187344696508e-13	-8.616578908435259e-13	-8.656514737435398e-13	-8.71073050562168e-13	-8.7842680577515e-13	-8.883925802741952e-13	-9.018862138550234e-13	-9.201403094066462e-13	-9.44812220800093e-13	-9.781282936478361e-13	-1.0230763311893737e-12	-1.083662142117159e-12	-1.1652511482845197e-12	-1.2750227734815633e-12	-1.4225742028815243e-12	-1.6207217518361816e-12	-1.886563365374306e-12	-2.242885794362053e-12	-2.7200261989891153e-12	-3.358332178567447e-12	-4.2114089297600495e-12	-5.350400508564128e-12	-6.869628033653424e-12	-8.89400629717644e-12	-1.1588788302714712e-11	-1.517235328043989e-11	-1.993296870176261e-11	-2.625073476771379e-11	-3.462627871949619e-11	-4.5718229012352556e-11	-6.039209507460824e-11	-7.978394414184367e-11	-1.0538324961666336e-10	-1.3914054526365495e-10	-1.8360713185292953e-10	-2.4211614303256226e-10	-3.1901690554126617e-10	-4.199778767618934e-10	-5.523777002327402e-10	-7.258093254992304e-10	-9.52728990946539e-10	-1.2492905395963672e-9	-1.6364164926699474e-9	-2.14117112164741e-9	-2.798518153592621e-9	-3.6535676047831974e-9	-4.764443661902412e-9	-6.20593987201146e-9	-8.074170828115973e-9	-1.0492483091613908e-8	-1.3618954781390894e-8	-1.7655896142916484e-8	-2.2861866220734e-8	-2.9566848031211762e-8	-3.8191381871799655e-8	-4.927065026422909e-8	-6.348474654161884e-8	-8.169665191315043e-8	-1.0499980456309213e-7	-1.3477758282450834e-7	-1.727775592417441e-7	-2.2120403305094036e-7	-2.8283313855182725e-7	-3.611557835220459e-7	-4.6055482761292714e-7	-5.865243035363287e-7	-7.459401581803732e-7	-9.473939982336625e-7	-1.2016037253442182e-6	-1.5219178084404474e-6	-1.9249333450854586e-6	-2.4312521005756447e-6	-3.066403486494112e-6	-3.861969066908472e-6	-4.856949792535871e-6	-6.099424909031043e-6	-7.648560529870092e-6	-9.577036389284635e-6	-1.197397149628779e-5	-1.4948443514697698e-5	-1.86337129310877e-5	-2.3192281693721857e-5	-2.8821937275888203e-5	-3.5762957313112036e-5	-4.430667736954337e-5	-5.480565529087303e-5	-6.768570028202414e-5	-8.346007357833793e-5	-0.00010274621060840109	-0.00012628536209178357	-0.00015496560374682236	-0.0001898487213127115	-0.0002322015394499433	-0.00028353232971167964	-0.0003456330039991244	-0.0004206278754140872	-0.0005110298477324886	-0.0006198049771960273	-0.0007504464351086635	-0.0009070589857635905	-0.0010944551802107973	-0.0013182645507471696	-0.001585057171945193	-0.00190248302943011	-0.0022794287050813917	-0.002726192944195157	-0.003254682713428115	-0.0038786313847798634	-0.004613840686879109	-0.005478448046513207	-0.006493220896410445	-0.00768187944506124	-0.009071449285642005	-0.010692645058008354	-0.012580286163468407	-0.014773745258563675	-0.017317429911423134	-0.020261297379604592	-0.02366140194437898	-0.027580473588466527	-0.032088525995164735	-0.037263490817775254	-0.043191873821636514	-0.049969426668803336	-0.0577018378167162	-0.06650544648804142	-0.07650791381353785	-0.08784889286050651	-0.10068066672997268	-0.11516873758228192	-0.13149234634419854	-0.14984489943487952	-0.1704342751597887	-0.19348297852707416	-0.21922810924364144	-0.24792110369588763	-0.27982720801127003	-0.3152246360854689	-0.35440336405730544	-0.3976635114869805	-0.4453132598586652	-0.49766626143768267	-0.5550384964322076	-0.6177445442927925	-0.6860932462332081	-0.7603827509821055	-0.8408949545425051	-0.927889367315185	-1.0215964680567942	-1.1222106332282686	-1.2298827614576513	-1.3447127448756155	-1.4667419704465519	-1.5959460633061493	-1.7322281085298132	-1.8754126056200957	-2.0252404193093416	-2.181364989256388	-2.343350048517758	-2.5106690755228502	-2.6827066666341395	-2.8587619670038125	-3.0380542379730304	-3.2197305721208185	-3.4028756953344965	-3.5865237224548014	-3.769671662803934	-3.9512944077093173	-4.13036087695534	-4.305850957099118	-4.476772832949577	-4.642180294339905	-4.801189592742489	-4.952995424656352	-5.096885629051895	-5.232254202626738	-5.358612258007033	-5.475596576253828	-5.582975437498356	-5.680651455158506	-5.76866119415782	-5.8471714266294414	-5.916471974001699	-5.976965204546179	-6.029152399549913	-6.073617363843297	-6.111007826842507	-6.142015342896085	-6.167339043717306	-6.1864183615029535	-6.193979226720442	-6.175543573251183	-6.105739264793313	-5.954732657904267	-5.70109536636715	-5.343393672563066	-4.903561052435584	-4.420640365337661	-3.9388027050005037	-3.4956944659659213	-3.1156028774368254	-2.808444139345571	-2.572781612825151	-2.4002755054381923	-2.2796704745183307	-2.199526182830382	-2.14969308472641	-2.121876729833335	-2.109661692366393	-2.1082675389881853	-2.114236807870542	-2.1251180719842324	-2.139193209333496	-2.155280369463069	-2.1725767529265765	-2.1905415506689327	-2.208812418059517	-2.227147423654104	-2.245385376943557	-2.2634190138508106	-2.281177005357582	-2.2986119455862277	-2.3156923590554523	-2.332397394816064	-2.3487133103374993	-2.3646311447421646	-2.380145181203929	-2.3952519324914223	-2.409949473121115	-2.42423700108259	-2.4381145515756315	-2.4515828113567193	-2.464642999610558	-2.4772967927225054	-2.4895462779103226	-2.5013939256911164	-2.5128425744805845	-2.523895422821654	-2.5345560261986217	-2.54482829636242	-2.554716501739036	-2.5642252679264046	-2.573359577578145	-2.582124769173473	-2.590526534313339	-2.598570913284407	-2.60626428870869	-2.613613377156659	-2.620625218651188	-2.6273071640327093	-2.633666860194513	-2.6397122332327894	-2.645451469589321	-2.6508929952959908	-2.656045453459449	-2.660917680151211	-2.6655186788926986	-2.6698575939461238	-2.6739436826401044	-2.6777862869732774	-2.6813948047496408	-2.684778660505676	-2.68794727649138	-2.6909100439651934	-2.6936762950564566	-2.6962552754386686	-2.698656118042769	-2.700887818022198	-2.7029592091610812	-2.7048789418940506	-2.706655463081385	-2.7082969976570146	-2.709811532239942	-2.7112068007724424	-2.71249027222147	-2.7136691403535957	-2.7147503155689496	-2.715740418756455	-2.7166457771114394	-2.7174724218377806	-2.7182260876402924	-2.7189122138991393	-2.719535947406872	-2.72010214654006	-2.720615386731474	-2.7210799671052466	-2.721499918136185	-2.7218790101953094	-2.7222207628464825	-2.7225284547634834	-2.722805134142788	-2.7230536294944265	-2.7232765607013336	-2.7234763502464006	-2.723655234515683	-2.723815275095771	-2.7239583699930083	-2.7240862647118123	-2.724200563138748	-2.7243027381880585	-2.7243941421729616	-2.7244760168751188	-2.724549503292197	-2.7246156510503075	-2.724675427474322	-2.724729726314584	-2.7247793761333616	-2.7248251483585344	-2.7248677650154476	-2.724907906150683	-2.7249462169636236	-2.7249833146632523	-2.7250197950685484	-2.7250562389712676	-2.7250932182797367	-2.7251313019617003	-2.7251710618031533	-2.725213077998622	-2.725257944586434	-2.725306274740312	-2.725358705926017	-2.7254159049289717	-2.725478572755648	-2.7255474494082548	-2.725623318528769	-2.7257070119047797	-2.725799413825971	-2.725901465276374	-2.726014167943887	-2.7261385880250018	-2.726275859799246	-2.726427188944654	-2.7265938555626392	-2.7267772168780424	-2.7269787095779066	-2.7271998517508065	-2.727442244387326	-2.7277075724015596	-2.7279976051333814	-2.728314196291437	-2.7286592832971817	-2.7290348859900266	-2.729443104651507	-2.729886117299828	-2.730366176190939	-2.7308856034312243	-2.731446785548831	-2.73205216676822	-2.7327042405607243	-2.7334055387671192	-2.7341586171583065	-2.73496603565368	-2.735830330473064	-2.7367539741578653	-2.7377393175415614	-2.7387885052404632	-2.739903352915501	-2.7410851702486587	-2.7423345080891375	-2.7436508013393865	-2.745031870629981	-2.7464732354022816	-2.7479671783615993	-2.7495014860069062	-2.751057771646227	-2.752609265455219	-2.7541179301570677	-2.755530730227475	-2.756774846751341	-2.757751589233674	-2.7583287108754675	-2.7583307881358774	-2.7575272893579146	-2.7556181626821705	-2.7522167506599295	-2.7468296185482046	-2.7388337080058776
8.506232906970171e-13	8.506232906970171e-13	8.506232906970171e-13	0.014599570186113475	0.010371517355073967	0.006045657509542831	0.00029148423216347486	0.037117284769621284	0.037117284777898614	0.03711728479355757	0.03711728482178448	0.03711728487166144	0.03711728495964699	0.03711728511543968	0.03711728539199314	0.03711728588282419	0.03711728675175642	0.037117288283465284	0.03711729096833249	0.0371172956427984	0.03711730371703915	0.03711731753482836	0.03711734092209611	0.03711737997887169	0.03711744412226476	0.03711754722010612	0.037117708194503427	8.50623290697017e-13	8.50623290697017e-13	8.50623290697017e-13	8.50623290697017e-13	8.50623290697017e-13	8.50623290697017e-13	8.50623290697017e-13	8.50623290697017e-13	8.50623290697017e-13	8.50623290697017e-13	8.50623290697017e-13	8.50623290697017e-13	8.50623290697017e-13	8.50623290697017e-13	8.50623290697017e-13	8.50623290697017e-13	8.50623290697017e-13	8.50623290697017e-13	8.50623290697017e-13	8.50623290697017e-13	8.50623290697017e-13	8.50623290697017e-13	8.50623290697017e-13	8.50623290697017e-13	8.50623290697017e-13	8.50623290697017e-13	8.50623290697017e-13	8.50623290697017e-13	8.50623290697017e-13	8.50623290697017e-13	8.50623290697017e-13	8.50623290697017e-13	8.50623290697017e-13	8.50623290697017e-13	8.50623290697017e-13	8.50623290697017e-13	8.50623290697017e-13	8.50623290697017e-13	8.50623290697017e-13	8.50623290697017e-13	8.50623290697017e-13	8.50623290697017e-13	8.50623290697017e-13	8.50623290697017e-13	8.50623290697017e-13	8.50623290697017e-13	8.50623290697017e-13	8.50623290697017e-13	8.50623290697017e-13	8.506232906970171e-13	8.50623290697017e-13	8.50623290697017e-13	8.506232906970168e-13	8.506232906970167e-13	8.506232906970167e-13	8.506232906970167e-13	8.506232906970167e-13	8.506232906970167e-13	8.506232906970167e-13	8.506232906970167e-13	8.506232906970167e-13	8.506232906970167e-13	8.506232906970167e-13	8.506232906970167e-13	8.506232906970167e-13	8.506232906970167e-13	8.506232906970167e-13	8.506232906970167e-13	8.506232906970167e-13	8.506232906970167e-13	8.506232906970167e-13	8.506232906970167e-13	8.506232906970167e-13	8.506232906970167e-13	8.506232906970167e-13	8.506232906970168e-13	8.50623290697017e-13	8.50623290697017e-13	8.50623290697017e-13	8.50623290697017e-13	8.50623290697017e-13	8.50623290697017e-13	8.50623290697017e-13	8.50623290697017e-13	8.50623290697017e-13	8.50623290697017e-13	8.50623290697017e-13	8.50623290697017e-13	8.50623290697017e-13	8.50623290697017e-13	8.50623290697017e-13	8.50623290697017e-13	8.50623290697017e-13	8.50623290697017e-13	8.50623290697017e-13	8.50623290697017e-13	8.50623290697017e-13	8.50623290697017e-13	8.50623290697017e-13	8.50623290697017e-13	8.50623290697017e-13	8.50623290697017e-13	8.50623290697017e-13	8.50623290697017e-13	8.50623290697017e-13	8.50623290697017e-13	8.50623290697017e-13	8.50623290697017e-13	8.50623290697017e-13	8.50623290697017e-13	8.50623290697017e-13	8.50623290697017e-13	8.50623290697017e-13	8.50623290697017e-13	8.50623290697017e-13	8.50623290697017e-13	8.50623290697017e-13	8.50623290697017e-13	8.50623290697017e-13	8.50623290697017e-13	8.50623290697017e-13	8.50623290697017e-13	8.50623290697017e-13	8.50623290697017e-13	8.50623290697017e-13	8.50623290697017e-13	8.50623290697017e-13	8.50623290697017e-13	8.50623290697017e-13	8.50623290697017e-13	8.50623290697017e-13	8.50623290697017e-13	8.50623290697017e-13	8.50623290697017e-13	8.50623290697017e-13	8.50623290697017e-13	8.50623290697017e-13	8.50623290697017e-13	8.50623290697017e-13	8.50623290697017e-13	8.50623290697017e-13	8.50623290697017e-13	8.50623290697017e-13	8.50623290697017e-13	8.50623290697017e-13	8.50623290697017e-13	8.50623290697017e-13	8.50623290697017e-13	8.50623290697017e-13	8.50623290697017e-13	8.50623290697017e-13	8.50623290697017e-13	8.50623290697017e-13	8.50623290697017e-13	8.50623290697017e-13	8.50623290697017e-13	8.50623290697017e-13	8.50623290697017e-13	8.50623290697017e-13	8.50623290697017e-13	8.50623290697017e-13	8.50623290697017e-13	8.50623290697017e-13	8.50623290697017e-13	8.506232906970171e-13	8.506232906970173e-13	8.506232906970175e-13	8.506232906970176e-13	8.506232906970176e-13	8.506232906970176e-13	8.506232906970176e-13	8.506232906970176e-13	8.506232906970176e-13	8.506232906970176e-13	8.506232906970176e-13	8.506232906970176e-13	8.506232906970176e-13	8.506232906970176e-13	8.506232906970176e-13	8.506232906970176e-13	8.506232906970176e-13	8.506232906970176e-13	8.506232906970176e-13	8.506232906970176e-13	8.506232906970176e-13	8.506232906970176e-13	8.506232906970176e-13	8.506232906970176e-13	8.506232906970176e-13	8.506232906970176e-13	8.506232906970176e-13	8.506232906970176e-13	8.506232906970176e-13	8.506232906970176e-13	8.506232906970176e-13	8.506232906970176e-13	8.506232906970176e-13	8.506232906970176e-13	8.506232906970176e-13	8.506232906970176e-13	8.506232906970176e-13	8.506232906970176e-13	8.506232906970176e-13	8.506232906970176e-13	8.506232906970176e-13	8.506232906970176e-13	8.506232906970176e-13	8.506232906970176e-13	8.506232906970176e-13	8.506232906970176e-13	8.506232906970176e-13	8.506232906970176e-13	8.506232906970176e-13	8.506232906970176e-13	8.506232906970176e-13	8.506232906970176e-13	8.506232906970176e-13	8.506232906970176e-13	8.506232906970176e-13	8.506232906970176e-13	8.506232906970176e-13	8.506232906970176e-13	8.506232906970176e-13	8.506232906970176e-13	8.506232906970176e-13	8.506232906970176e-13	8.506232906970176e-13	8.506232906970176e-13	8.506232906970176e-13	8.506232906970176e-13	8.506232906970176e-13	8.506232906970176e-13	8.506232906970176e-13	8.506232906970176e-13	8.506232906970176e-13	8.506232906970176e-13	8.506232906970176e-13	8.506232906970176e-13	8.506232906970176e-13	8.506232906970176e-13	8.506232906970176e-13	8.506232906970176e-13	8.506232906970176e-13	8.506232906970176e-13	8.506232906970176e-13	8.506232906970176e-13	8.506232906970176e-13	8.506232906970176e-13	8.506232906970176e-13	8.506232906970176e-13	8.506232906970176e-13	8.506232906970173e-13	8.506232906970173e-13	8.506232906970175e-13	8.506232906970176e-13	8.506232906970176e-13	8.506232906970178e-13	8.506232906970179e-13	8.506232906970179e-13	8.506232906970179e-13	8.506232906970179e-13	8.506232906970179e-13	8.506232906970179e-13	8.506232906970179e-13	8.506232906970179e-13	8.506232906970179e-13	8.506232906970179e-13	8.506232906970179e-13	8.506232906970179e-13	8.506232906970179e-13	8.506232906970179e-13	8.506232906970179e-13	8.506232906970179e-13	8.506232906970179e-13	8.506232906970179e-13	8.506232906970179e-13	8.506232906970179e-13	8.506232906970179e-13	8.506232906970179e-13	8.506232906970179e-13	8.506232906970179e-13	8.506232906970179e-13	8.506232906970179e-13	8.506232906970179e-13	8.506232906970179e-13	8.506232906970179e-13	8.506232906970179e-13	8.506232906970179e-13	8.506232906970179e-13	8.506232906970179e-13	8.506232906970179e-13	8.506232906970179e-13	8.506232906970179e-13	8.506232906970179e-13	8.506232906970179e-13	8.506232906970179e-13	8.506232906970179e-13	8.506232906970179e-13	8.506232906970179e-13	8.506232906970179e-13	8.506232906970179e-13	8.506232906970179e-13	8.506232906970179e-13	8.506232906970179e-13	8.506232906970179e-13	8.506232906970179e-13	8.506232906970179e-13	8.506232906970179e-13	8.506232906970179e-13	8.506232906970179e-13	8.506232906970179e-13	8.506232906970179e-13	8.506232906970179e-13	8.506232906970179e-13	8.506232906970179e-13	8.506232906970179e-13	8.506232906970179e-13	8.506232906970179e-13	8.506232906970179e-13	8.506232906970179e-13	8.506232906970179e-13	8.506232906970179e-13	8.506232906970179e-13	8.506232906970179e-13	8.506232906970179e-13	8.506232906970179e-13	8.506232906970179e-13	8.506232906970179e-13	8.506232906970179e-13	8.506232906970179e-13	8.506232906970179e-13	8.506232906970179e-13	8.506232906970179e-13	8.506232906970179e-13	8.506232906970179e-13	8.506232906970179e-13	8.506232906970179e-13	8.506232906970179e-13	8.506232906970179e-13	8.506232906970179e-13	8.506232906970179e-13	8.506232906970179e-13	8.506232906970179e-13	8.506232906970179e-13	8.506232906970179e-13	8.506232906970179e-13	8.506232906970179e-13	8.506232906970179e-13	8.506232906970179e-13	8.506232906970179e-13	8.506232906970179e-13	8.506232906970179e-13	8.506232906970179e-13	8.506232906970179e-13	8.506232906970179e-13	8.506232906970179e-13	8.506232906970179e-13	8.506232906970179e-13	8.506232906970179e-13	8.506232906970179e-13	8.506232906970179e-13	8.506232906970179e-13	8.506232906970179e-13	8.506232906970179e-13	8.506232906970179e-13	8.506232906970179e-13	8.506232906970179e-13	8.506232906970178e-13	8.506232906970178e-13	8.506232906970178e-13	8.506232906970178e-13	8.506232906970176e-13	8.506232906970176e-13	8.506232906970176e-13	8.506232906970176e-13	8.506232906970175e-13	8.506232906970175e-13	8.506232906970173e-13	8.506232906970173e-13	8.506232906970173e-13	8.506232906970173e-13	8.506232906970175e-13	8.506232906970176e-13	8.506232906970176e-13	8.506232906970176e-13	8.506232906970176e-13	8.506232906970176e-13	8.506232906970176e-13	8.506232906970176e-13	8.506232906970176e-13	8.506232906970176e-13	8.506232906970176e-13	8.506232906970176e-13	8.506232906970176e-13	8.506232906970176e-13	8.506232906970176e-13	8.506232906970176e-13	8.506232906970176e-13	8.506232906970176e-13	8.506232906970175e-13	8.506232906970173e-13	8.506232906970173e-13	8.506232906970173e-13	8.506232906970173e-13	8.506232906970173e-13	8.506232906970173e-13	8.506232906970173e-13	8.506232906970173e-13	8.506232906970173e-13	8.506232906970173e-13	8.506232906970173e-13	8.506232906970173e-13	8.506232906970173e-13	8.506232906970173e-13	8.506232906970173e-13	8.506232906970173e-13	8.506232906970171e-13	8.506232906970171e-13	8.50623290697017e-13	8.50623290697017e-13	8.50623290697017e-13	8.50623290697017e-13	8.50623290697017e-13	8.50623290697017e-13	8.50623290697017e-13	8.506232906970171e-13	8.506232906970173e-13	8.506232906970173e-13	8.506232906970173e-13	8.506232906970173e-13	8.506232906970173e-13	8.506232906970173e-13	8.506232906970173e-13	8.506232906970173e-13	8.506232906970173e-13	8.506232906970173e-13	8.506232906970173e-13	8.506232906970173e-13	8.506232906970173e-13	8.506232906970173e-13	8.506232906970173e-13	8.506232906970173e-13	8.506232906970175e-13	8.506232906970176e-13	8.506232906970176e-13	8.506232906970176e-13	8.506232906970176e-13	8.506232906970176e-13	8.506232906970178e-13	8.506232906970179e-13	8.506232906970179e-13	8.506232906970179e-13	8.506232906970179e-13	8.506232906970179e-13	8.506232906970179e-13	8.506232906970179e-13	8.506232906970179e-13	8.506232906970179e-13	8.506232906970179e-13	8.506232906970179e-13	8.506232906970179e-13	8.506232906970179e-13	8.506232906970179e-13	8.506232906970179e-13	8.506232906970179e-13	8.506232906970179e-13	8.506232906970179e-13	8.506232906970179e-13	8.506232906970179e-13	8.506232906970179e-13	8.506232906970179e-13	8.506232906970179e-13	8.506232906970179e-13	8.506232906970179e-13	8.506232906970179e-13	8.506232906970179e-13	8.506232906970179e-13	8.506232906970179e-13	8.506232906970179e-13	8.506232906970179e-13	8.506232906970179e-13	8.506232906970179e-13	8.506232906970179e-13	8.506232906970179e-13	8.506232906970179e-13	8.506232906970179e-13	8.506232906970179e-13	8.506232906970179e-13	8.506232906970179e-13	8.506232906970179e-13	8.506232906970179e-13	8.506232906970179e-13	8.506232906970179e-13	8.506232906970179e-13	8.506232906970179e-13	8.506232906970179e-13	8.506232906970179e-13	8.506232906970179e-13	8.506232906970179e-13	8.506232906970179e-13	8.506232906970181e-13	8.506232906970182e-13	8.506232906970182e-13	8.506232906970182e-13	8.506232906970182e-13	8.506232906970182e-13	8.506232906970184e-13	8.506232906970185e-13	8.506232906970189e-13	8.506232906970192e-13	8.506232906970195e-13	8.506232906970198e-13	8.506232906970204e-13	8.506232906970214e-13	8.506232906970229e-13	8.506232906970253e-13	8.506232906970286e-13	8.50623290697033e-13	8.506232906970395e-13	8.506232906970488e-13	8.506232906970621e-13	8.50623290697081e-13	8.506232906971081e-13	8.506232906971466e-13	8.506232906972013e-13	8.506232906972796e-13	8.506232906973911e-13	8.506232906975499e-13	8.506232906977762e-13	8.506232906980982e-13	8.506232906985565e-13	8.506232906992087e-13	8.506232907001357e-13	8.506232907014529e-13	8.506232907033237e-13	8.506232907059793e-13	8.50623290709747e-13	8.5062329071509e-13	8.506232907226631e-13	8.506232907333913e-13	8.506232907485814e-13	8.506232907700781e-13	8.506232908004833e-13	8.506232908434663e-13	8.506232909041967e-13	8.506232909899563e-13	8.506232911109935e-13	8.506232912817255e-13	8.50623291522421e-13	8.50623291861558e-13	8.506232923391247e-13	8.506232930112382e-13	8.506232939566003e-13	8.506232952855173e-13	8.506232971524954e-13	8.506232997738126e-13	8.506233034520187e-13	8.506233086100735e-13	8.50623315838876e-13	8.506233259633962e-13	8.506233401346172e-13	8.506233599572736e-13	8.506233876671909e-13	8.506234263772984e-13	8.506234804186584e-13	8.506235558128447e-13	8.506236609257629e-13	8.506238073718994e-13	8.506240112639472e-13	8.506242949383589e-13	8.506246893361966e-13	8.506252372855024e-13	8.506259980229011e-13	8.506270534172298e-13	8.506285165288612e-13	8.506305433715782e-13	8.506333490618504e-13	8.506372299735602e-13	8.506425941058768e-13	8.506500026738158e-13	8.506602270204348e-13	8.506743264283566e-13	8.506937544136748e-13	8.507205038022623e-13	8.507573045661546e-13	8.508078933709646e-13	8.508773805042665e-13	8.509727489235859e-13	8.51103532390956e-13	8.51282736133674e-13	8.515280856392774e-13	8.518637189966358e-13	8.523224782241887e-13	8.529490087346068e-13	8.538039480735518e-13	8.549695814613284e-13	8.565574705980137e-13	8.587187344696508e-13	8.616578908435259e-13	8.656514737435398e-13	8.71073050562168e-13	8.7842680577515e-13	8.883925802741952e-13	9.018862138550234e-13	9.201403094066462e-13	9.44812220800093e-13	9.781282936478361e-13	1.0230763311893737e-12	1.083662142117159e-12	1.1652511482845197e-12	1.2750227734815633e-12	1.4225742028815243e-12	1.6207217518361816e-12	1.886563365374306e-12	2.242885794362053e-12	2.7200261989891153e-12	3.358332178567447e-12	4.2114089297600495e-12	5.350400508564128e-12	6.869628033653424e-12	8.89400629717644e-12	1.1588788302714712e-11	1.517235328043989e-11	1.993296870176261e-11	2.625073476771379e-11	3.462627871949619e-11	4.5718229012352556e-11	6.039209507460824e-11	7.978394414184367e-11	1.0538324961666336e-10	1.3914054526365495e-10	1.8360713185292953e-10	2.4211614303256226e-10	3.1901690554126617e-10	4.199778767618934e-10	5.523777002327402e-10	7.258093254992304e-10	9.52728990946539e-10	1.2492905395963672e-9	1.6364164926699474e-9	2.14117112164741e-9	2.798518153592621e-9	3.6535676047831974e-9	4.764443661902412e-9	6.20593987201146e-9	8.074170828115973e-9	1.0492483091613908e-8	1.3618954781390894e-8	1.7655896142916484e-8	2.2861866220734e-8	2.9566848031211762e-8	3.8191381871799655e-8	4.927065026422909e-8	6.348474654161884e-8	8.169665191315043e-8	1.0499980456309213e-7	1.3477758282450834e-7	1.727775592417441e-7	2.2120403305094036e-7	2.8283313855182725e-7	3.611557835220459e-7	4.6055482761292714e-7	5.865243035363287e-7	7.459401581803732e-7	9.473939982336625e-7	1.2016037253442182e-6	1.5219178084404474e-6	1.9249333450854586e-6	2.4312521005756447e-6	3.066403486494112e-6	3.861969066908472e-6	4.856949792535871e-6	6.099424909031043e-6	7.648560529870092e-6	9.577036389284635e-6	1.197397149628779e-5	1.4948443514697698e-5	1.86337129310877e-5	2.3192281693721857e-5	2.8821937275888203e-5	3.5762957313112036e-5	4.430667736954337e-5	5.480565529087303e-5	6.768570028202414e-5	8.346007357833793e-5	0.00010274621060840109	0.00012628536209178357	0.00015496560374682236	0.0001898487213127115	0.0002322015394499433	0.00028353232971167964	0.0003456330039991244	0.0004206278754140872	0.0005110298477324886	0.0006198049771960273	0.0007504464351086635	0.0009070589857635905	0.0010944551802107973	0.0013182645507471696	0.001585057171945193	0.00190248302943011	0.0022794287050813917	0.002726192944195157	0.003254682713428115	0.0038786313847798634	0.004613840686879109	0.005478448046513207	0.006493220896410445	0.00768187944506124	0.009071449285642005	0.010692645058008354	0.012580286163468407	0.014773745258563675	0.017317429911423134	0.020261297379604592	0.02366140194437898	0.027580473588466527	0.032088525995164735	0.037263490817775254	0.043191873821636514	0.049969426668803336	0.0577018378167162	0.06650544648804142	0.07650791381353785	0.08784889286050651	0.10068066672997268	0.11516873758228192	0.13149234634419854	0.14984489943487952	0.1704342751597887	0.19348297852707416	0.21922810924364144	0.24792110369588763	0.27982720801127003	0.3152246360854689	0.35440336405730544	0.3976635114869805	0.4453132598586652	0.49766626143768267	0.5550384964322076	0.6177445442927925	0.6860932462332081	0.7603827509821055	0.8408949545425051	0.927889367315185	1.0215964680567942	1.1222106332282686	1.2298827614576513	1.3447127448756155	1.4667419704465519	1.5959460633061493	1.7322281085298132	1.8754126056200957	2.0252404193093416	2.181364989256388	2.343350048517758	2.5106690755228502	2.6827066666341395	2.8587619670038125	3.0380542379730304	3.2197305721208185	3.4028756953344965	3.5865237224548014	3.769671662803934	3.9512944077093173	4.13036087695534	4.305850957099118	4.476772832949577	4.642180294339905	4.801189592742489	4.952995424656352	5.096885629051895	5.232254202626738	5.358612258007033	5.475596576253828	5.582975437498356	5.680651455158506	5.76866119415782	5.8471714266294414	5.916471974001699	5.976965204546179	6.029152399549913	6.073617363843297	6.111007826842507	6.142015342896085	6.167339043717306	6.1864183615029535	6.193979226720442	6.175543573251183	6.105739264793313	5.954732657904267	5.70109536636715	5.343393672563066	4.903561052435584	4.420640365337661	3.9388027050005037	3.4956944659659213	3.1156028774368254	2.808444139345571	2.572781612825151	2.4002755054381923	2.2796704745183307	2.199526182830382	2.14969308472641	2.121876729833335	2.109661692366393	2.1082675389881853	2.114236807870542	2.1251180719842324	2.139193209333496	2.155280369463069	2.1725767529265765	2.1905415506689327	2.208812418059517	2.227147423654104	2.245385376943557	2.2634190138508106	2.281177005357582	2.2986119455862277	2.3156923590554523	2.332397394816064	2.3487133103374993	2.3646311447421646	2.380145181203929	2.3952519324914223	2.409949473121115	2.42423700108259	2.4381145515756315	2.4515828113567193	2.464642999610558	2.4772967927225054	2.4895462779103226	2.5013939256911164	2.5128425744805845	2.523895422821654	2.5345560261986217	2.54482829636242	2.554716501739036	2.5642252679264046	2.573359577578145	2.582124769173473	2.590526534313339	2.598570913284407	2.60626428870869	2.613613377156659	2.620625218651188	2.6273071640327093	2.633666860194513	2.6397122332327894	2.645451469589321	2.6508929952959908	2.656045453459449	2.660917680151211	2.6655186788926986	2.6698575939461238	2.6739436826401044	2.6777862869732774	2.6813948047496408	2.684778660505676	2.68794727649138	2.6909100439651934	2.6936762950564566	2.6962552754386686	2.698656118042769	2.700887818022198	2.7029592091610812	2.7048789418940506	2.706655463081385	2.7082969976570146	2.709811532239942	2.7112068007724424	2.71249027222147	2.7136691403535957	2.7147503155689496	2.715740418756455	2.7166457771114394	2.7174724218377806	2.7182260876402924	2.7189122138991393	2.719535947406872	2.72010214654006	2.720615386731474	2.7210799671052466	2.721499918136185	2.7218790101953094	2.7222207628464825	2.7225284547634834	2.722805134142788	2.7230536294944265	2.7232765607013336	2.7234763502464006	2.723655234515683	2.723815275095771	2.7239583699930083	2.7240862647118123	2.724200563138748	2.7243027381880585	2.7243941421729616	2.7244760168751188	2.724549503292197	2.7246156510503075	2.724675427474322	2.724729726314584	2.7247793761333616	2.7248251483585344	2.7248677650154476	2.724907906150683	2.7249462169636236	2.7249833146632523	2.7250197950685484	2.7250562389712676	2.7250932182797367	2.7251313019617003	2.7251710618031533	2.725213077998622	2.725257944586434	2.725306274740312	2.725358705926017	2.7254159049289717	2.725478572755648	2.7255474494082548	2.725623318528769	2.7257070119047797	2.725799413825971	2.725901465276374	2.726014167943887	2.7261385880250018	2.726275859799246	2.726427188944654	2.7265938555626392	2.7267772168780424	2.7269787095779066	2.7271998517508065	2.727442244387326	2.7277075724015596	2.7279976051333814	2.728314196291437	2.7286592832971817	2.7290348859900266	2.729443104651507	2.729886117299828	2.730366176190939	2.7308856034312243	2.731446785548831	2.73205216676822	2.7327042405607243	2.7334055387671192	2.7341586171583065	2.73496603565368	2.735830330473064	2.7367539741578653	2.7377393175415614	2.7387885052404632	2.739903352915501	2.7410851702486587	2.7423345080891375	2.7436508013393865	2.745031870629981	2.7464732354022816	2.7479671783615993	2.7495014860069062	2.751057771646227	2.752609265455219	2.7541179301570677	2.755530730227475	2.756774846751341	2.757751589233674	2.7583287108754675	2.7583307881358774	2.7575272893579146	2.7556181626821705	2.7522167506599295	2.7468296185482046	2.7388337080058776
-4.0389678347315804e-28	-4.0389678347315804e-28	-4.0389678347315804e-28	-4.0389678347315804e-28	-4.0389678347315804e-28	-2.0194839173657902e-28	0.0	0.0	0.0	0.0	0.0	0.0	0.0	0.0	0.0	0.0	0.0	0.0	0.0	0.0	0.0	2.0194839173657902e-28	4.0389678347315804e-28	4.0389678347315804e-28	4.0389678347315804e-28	4.0389678347315804e-28	0.0	0.0	0.0	-6.058451752097371e-28	-6.058451752097371e-28	-6.058451752097371e-28	-6.058451752097371e-28	-6.058451752097371e-28	-6.058451752097371e-28	-4.0389678347315804e-28	-4.0389678347315804e-28	-8.077935669463161e-28	-8.077935669463161e-28	-8.077935669463161e-28	-1.0097419586828951e-27	-1.2116903504194741e-27	-1.2116903504194741e-27	-1.4136387421560532e-27	-1.6155871338926322e-27	-1.2116903504194741e-27	-1.2116903504194741e-27	-1.2116903504194741e-27	-1.2116903504194741e-27	-1.6155871338926322e-27	-1.8175355256292112e-27	-1.8175355256292112e-27	-1.8175355256292112e-27	-1.8175355256292112e-27	-2.2214323091023692e-27	-2.2214323091023692e-27	-2.0194839173657902e-27	-2.0194839173657902e-27	-2.0194839173657902e-27	-1.8175355256292112e-27	-1.8175355256292112e-27	-2.2214323091023692e-27	-2.2214323091023692e-27	-2.2214323091023692e-27	-2.6253290925755273e-27	-2.6253290925755273e-27	-2.6253290925755273e-27	-2.2214323091023692e-27	-2.0194839173657902e-27	-1.8175355256292112e-27	-1.4136387421560532e-27	-1.4136387421560532e-27	-1.0097419586828951e-27	-1.2116903504194741e-27	-8.077935669463161e-28	-6.058451752097371e-28	-6.058451752097371e-28	-6.058451752097371e-28	-6.058451752097371e-28	-6.058451752097371e-28	-8.077935669463161e-28	-4.0389678347315804e-28	-6.058451752097371e-28	-8.077935669463161e-28	-6.058451752097371e-28	-2.0194839173657902e-28	-4.0389678347315804e-28	-2.0194839173657902e-28	0.0	2.0194839173657902e-28	-6.058451752097371e-28	-6.058451752097371e-28	-8.077935669463161e-28	-1.2116903504194741e-27	-1.0097419586828951e-27	-1.6155871338926322e-27	-1.0097419586828951e-27	-4.0389678347315804e-28	0.0	0.0	4.0389678347315804e-28	2.0194839173657902e-28	6.058451752097371e-28	4.0389678347315804e-28	4.0389678347315804e-28	-2.0194839173657902e-28	-4.0389678347315804e-28	0.0	-2.0194839173657902e-28	-6.058451752097371e-28	-6.058451752097371e-28	-4.0389678347315804e-28	2.0194839173657902e-28	2.0194839173657902e-28	0.0	-2.0194839173657902e-28	-2.0194839173657902e-28	-2.0194839173657902e-28	0.0	0.0	2.0194839173657902e-28	2.0194839173657902e-28	0.0	-4.0389678347315804e-28	-2.0194839173657902e-28	-2.0194839173657902e-28	-2.0194839173657902e-28	0.0	-2.0194839173657902e-28	0.0	0.0	0.0	-2.0194839173657902e-28	2.0194839173657902e-28	4.0389678347315804e-28	4.0389678347315804e-28	4.0389678347315804e-28	2.0194839173657902e-28	-2.0194839173657902e-28	0.0	2.0194839173657902e-28	6.058451752097371e-28	6.058451752097371e-28	6.058451752097371e-28	2.0194839173657902e-28	6.058451752097371e-28	6.058451752097371e-28	4.0389678347315804e-28	6.058451752097371e-28	6.058451752097371e-28	4.0389678347315804e-28	4.0389678347315804e-28	2.0194839173657902e-28	-2.0194839173657902e-28	2.0194839173657902e-28	4.0389678347315804e-28	4.0389678347315804e-28	2.0194839173657902e-28	2.0194839173657902e-28	0.0	0.0	2.0194839173657902e-28	-2.0194839173657902e-28	-2.0194839173657902e-28	0.0	0.0	-2.0194839173657902e-28	-4.0389678347315804e-28	-2.0194839173657902e-28	-2.0194839173657902e-28	-2.0194839173657902e-28	0.0	0.0	2.0194839173657902e-28	-2.0194839173657902e-28	-4.0389678347315804e-28	0.0	-4.0389678347315804e-28	-4.0389678347315804e-28	0.0	-4.0389678347315804e-28	-6.058451752097371e-28	-4.0389678347315804e-28	-2.0194839173657902e-28	-4.0389678347315804e-28	-2.0194839173657902e-28	0.0	0.0	0.0	2.0194839173657902e-28	4.0389678347315804e-28	8.077935669463161e-28	4.0389678347315804e-28	4.0389678347315804e-28	-2.0194839173657902e-28	-2.0194839173657902e-28	-2.0194839173657902e-28	0.0	-2.0194839173657902e-28	0.0	-2.0194839173657902e-28	-8.077935669463161e-28	-4.0389678347315804e-28	0.0	0.0	0.0	2.0194839173657902e-28	-2.0194839173657902e-28	-2.0194839173657902e-28	2.0194839173657902e-28	4.0389678347315804e-28	4.0389678347315804e-28	6.058451752097371e-28	4.0389678347315804e-28	2.0194839173657902e-28	1.0097419586828951e-27	6.058451752097371e-28	1.0097419586828951e-27	8.077935669463161e-28	4.0389678347315804e-28	4.0389678347315804e-28	4.0389678347315804e-28	2.0194839173657902e-28	0.0	2.0194839173657902e-28	2.0194839173657902e-28	2.0194839173657902e-28	2.0194839173657902e-28	4.0389678347315804e-28	4.0389678347315804e-28	4.0389678347315804e-28	0.0	0.0	4.0389678347315804e-28	-2.0194839173657902e-28	0.0	0.0	-2.0194839173657902e-28	-4.0389678347315804e-28	-8.077935669463161e-28	-4.0389678347315804e-28	-4.0389678347315804e-28	-2.0194839173657902e-28	-2.0194839173657902e-28	-2.0194839173657902e-28	-2.0194839173657902e-28	-8.077935669463161e-28	-6.058451752097371e-28	-8.077935669463161e-28	-6.058451752097371e-28	-4.0389678347315804e-28	-2.0194839173657902e-28	-2.0194839173657902e-28	-2.0194839173657902e-28	-2.0194839173657902e-28	-2.0194839173657902e-28	-2.0194839173657902e-28	2.0194839173657902e-28	0.0	0.0	2.0194839173657902e-28	0.0	-2.0194839173657902e-28	0.0	0.0	-4.0389678347315804e-28	-2.0194839173657902e-28	-4.0389678347315804e-28	-4.0389678347315804e-28	-6.058451752097371e-28	-6.058451752097371e-28	-2.0194839173657902e-28	4.0389678347315804e-28	6.058451752097371e-28	6.058451752097371e-28	8.077935669463161e-28	6.058451752097371e-28	6.058451752097371e-28	6.058451752097371e-28	2.0194839173657902e-28	0.0	0.0	-2.0194839173657902e-28	-2.0194839173657902e-28	-2.0194839173657902e-28	0.0	2.0194839173657902e-28	0.0	0.0	6.058451752097371e-28	2.0194839173657902e-28	4.0389678347315804e-28	2.0194839173657902e-28	4.0389678347315804e-28	4.0389678347315804e-28	4.0389678347315804e-28	0.0	-4.0389678347315804e-28	-4.0389678347315804e-28	0.0	-2.0194839173657902e-28	2.0194839173657902e-28	0.0	0.0	-2.0194839173657902e-28	2.0194839173657902e-28	-2.0194839173657902e-28	0.0	2.0194839173657902e-28	2.0194839173657902e-28	4.0389678347315804e-28	6.058451752097371e-28	6.058451752097371e-28	8.077935669463161e-28	6.058451752097371e-28	6.058451752097371e-28	6.058451752097371e-28	2.0194839173657902e-28	0.0	0.0	-4.0389678347315804e-28	-2.0194839173657902e-28	-4.0389678347315804e-28	-6.058451752097371e-28	-6.058451752097371e-28	-2.0194839173657902e-28	-2.0194839173657902e-28	-2.0194839173657902e-28	-2.0194839173657902e-28	-2.0194839173657902e-28	-6.058451752097371e-28	-6.058451752097371e-28	-4.0389678347315804e-28	0.0	-2.0194839173657902e-28	-2.0194839173657902e-28	-6.058451752097371e-28	-4.0389678347315804e-28	0.0	0.0	6.058451752097371e-28	2.0194839173657902e-28	4.0389678347315804e-28	2.0194839173657902e-28	4.0389678347315804e-28	6.058451752097371e-28	4.0389678347315804e-28	6.058451752097371e-28	2.0194839173657902e-28	4.0389678347315804e-28	4.0389678347315804e-28	2.0194839173657902e-28	4.0389678347315804e-28	0.0	2.0194839173657902e-28	2.0194839173657902e-28	-2.0194839173657902e-28	-2.0194839173657902e-28	0.0	4.0389678347315804e-28	4.0389678347315804e-28	6.058451752097371e-28	6.058451752097371e-28	8.077935669463161e-28	6.058451752097371e-28	8.077935669463161e-28	6.058451752097371e-28	4.0389678347315804e-28	0.0	-2.0194839173657902e-28	-4.0389678347315804e-28	-2.0194839173657902e-28	0.0	4.0389678347315804e-28	2.0194839173657902e-28	0.0	2.0194839173657902e-28	6.058451752097371e-28	6.058451752097371e-28	4.0389678347315804e-28	2.0194839173657902e-28	2.0194839173657902e-28	0.0	0.0	2.0194839173657902e-28	2.0194839173657902e-28	6.058451752097371e-28	4.0389678347315804e-28	0.0	4.0389678347315804e-28	0.0	2.0194839173657902e-28	6.058451752097371e-28	2.0194839173657902e-28	-2.0194839173657902e-28	4.0389678347315804e-28	0.0	1.0097419586828951e-27	8.077935669463161e-28	8.077935669463161e-28	6.058451752097371e-28	8.077935669463161e-28	8.077935669463161e-28	1.2116903504194741e-27	8.077935669463161e-28	1.0097419586828951e-27	1.0097419586828951e-27	1.4136387421560532e-27	1.4136387421560532e-27	8.077935669463161e-28	8.077935669463161e-28	8.077935669463161e-28	6.058451752097371e-28	4.0389678347315804e-28	2.0194839173657902e-28	2.0194839173657902e-28	6.058451752097371e-28	2.0194839173657902e-28	0.0	0.0	-2.0194839173657902e-28	-2.0194839173657902e-28	-2.0194839173657902e-28	0.0	2.0194839173657902e-28	0.0	4.0389678347315804e-28	2.0194839173657902e-28	4.0389678347315804e-28	0.0	0.0	6.058451752097371e-28	6.058451752097371e-28	4.0389678347315804e-28	6.058451752097371e-28	2.0194839173657902e-28	2.0194839173657902e-28	6.058451752097371e-28	4.0389678347315804e-28	2.0194839173657902e-28	0.0	2.0194839173657902e-28	4.0389678347315804e-28	6.058451752097371e-28	4.0389678347315804e-28	2.0194839173657902e-28	2.0194839173657902e-28	-2.0194839173657902e-28	0.0	0.0	2.0194839173657902e-28	4.0389678347315804e-28	6.058451752097371e-28	8.077935669463161e-28	6.058451752097371e-28	4.0389678347315804e-28	6.058451752097371e-28	4.0389678347315804e-28	2.0194839173657902e-28	0.0	-2.0194839173657902e-28	-6.058451752097371e-28	-6.058451752097371e-28	-4.0389678347315804e-28	-6.058451752097371e-28	-6.058451752097371e-28	-4.0389678347315804e-28	-2.0194839173657902e-28	2.0194839173657902e-28	0.0	0.0	0.0	-2.0194839173657902e-28	0.0	4.0389678347315804e-28	2.0194839173657902e-28	2.0194839173657902e-28	0.0	0.0	0.0	6.058451752097371e-28	2.0194839173657902e-28	2.0194839173657902e-28	2.0194839173657902e-28	0.0	0.0	0.0	-2.0194839173657902e-28	-2.0194839173657902e-28	-2.0194839173657902e-28	-4.0389678347315804e-28	-6.058451752097371e-28	-4.0389678347315804e-28	4.0389678347315804e-28	0.0	4.0389678347315804e-28	0.0	-2.0194839173657902e-28	6.058451752097371e-28	4.0389678347315804e-28	6.058451752097371e-28	4.0389678347315804e-28	4.0389678347315804e-28	4.0389678347315804e-28	4.0389678347315804e-28	6.058451752097371e-28	4.0389678347315804e-28	4.0389678347315804e-28	6.058451752097371e-28	1.0097419586828951e-27	4.0389678347315804e-28	2.0194839173657902e-28	4.0389678347315804e-28	4.0389678347315804e-28	2.0194839173657902e-28	4.0389678347315804e-28	4.0389678347315804e-28	4.0389678347315804e-28	0.0	-2.0194839173657902e-28	-6.058451752097371e-28	-2.0194839173657902e-28	-2.0194839173657902e-28	-2.0194839173657902e-28	-2.0194839173657902e-28	2.0194839173657902e-28	0.0	-2.0194839173657902e-28	-2.0194839173657902e-28	-2.0194839173657902e-28	-4.0389678347315804e-28	-2.0194839173657902e-28	0.0	-2.0194839173657902e-28	-2.0194839173657902e-28	-2.0194839173657902e-28	-2.0194839173657902e-28	0.0	0.0	0.0	0.0	0.0	-2.0194839173657902e-28	-4.0389678347315804e-28	-2.0194839173657902e-28	-2.0194839173657902e-28	0.0	0.0	-2.0194839173657902e-28	0.0	2.0194839173657902e-28	0.0	-2.0194839173657902e-28	-2.0194839173657902e-28	-2.0194839173657902e-28	-6.058451752097371e-28	-6.058451752097371e-28	-6.058451752097371e-28	-8.077935669463161e-28	-6.058451752097371e-28	-2.0194839173657902e-28	0.0	0.0	6.058451752097371e-28	1.0097419586828951e-27	4.0389678347315804e-28	4.0389678347315804e-28	2.0194839173657902e-28	0.0	2.0194839173657902e-28	0.0	-4.0389678347315804e-28	-6.058451752097371e-28	-4.0389678347315804e-28	-6.058451752097371e-28	-6.058451752097371e-28	-4.0389678347315804e-28	-4.0389678347315804e-28	-1.0097419586828951e-27	-1.0097419586828951e-27	-8.077935669463161e-28	-8.077935669463161e-28	-1.0097419586828951e-27	-8.077935669463161e-28	-1.0097419586828951e-27	-6.058451752097371e-28	-2.0194839173657902e-28	-4.0389678347315804e-28	-4.0389678347315804e-28	-2.0194839173657902e-28	-4.0389678347315804e-28	0.0	2.0194839173657902e-28	2.0194839173657902e-28	4.0389678347315804e-28	2.0194839173657902e-28	4.0389678347315804e-28	2.0194839173657902e-28	0.0	0.0	0.0	0.0	-2.0194839173657902e-28	-2.0194839173657902e-28	-2.0194839173657902e-28	-2.0194839173657902e-28	-4.0389678347315804e-28	0.0	0.0	4.0389678347315804e-28	2.0194839173657902e-28	0.0	0.0	0.0	0.0	0.0	4.0389678347315804e-28	0.0	0.0	0.0	0.0	0.0	-4.0389678347315804e-28	-2.0194839173657902e-28	-4.0389678347315804e-28	-4.0389678347315804e-28	0.0	4.0389678347315804e-28	0.0	0.0	4.0389678347315804e-28	0.0	0.0	0.0	-2.0194839173657902e-28	0.0	2.0194839173657902e-28	4.0389678347315804e-28	2.0194839173657902e-28	4.0389678347315804e-28	4.0389678347315804e-28	4.0389678347315804e-28	0.0	-4.0389678347315804e-28	-2.0194839173657902e-28	-2.0194839173657902e-28	-2.0194839173657902e-28	-2.0194839173657902e-28	-2.0194839173657902e-28	-2.0194839173657902e-28	-2.0194839173657902e-28	-4.0389678347315804e-28	-6.058451752097371e-28	-6.058451752097371e-28	-6.058451752097371e-28	-6.058451752097371e-28	0.0	0.0	0.0	0.0	0.0	0.0	0.0	0.0	0.0	0.0	0.0	0.0	0.0	0.0	0.0	0.0	0.0	0.0	0.0	0.0	0.0	0.0	0.0	0.0	0.0	0.0	0.0	0.0	0.0	0.0	0.0	0.0	0.0	0.0	0.0	0.0	0.0	0.0	0.0	0.0	0.0	0.0	0.0	0.0	0.0	0.0	0.0	0.0	0.0	0.0	0.0	0.0	0.0	0.0	0.0	0.0	0.0	0.0	0.0	0.0	0.0	0.0	0.0	0.0	0.0	0.0	0.0	0.0	0.0	0.0	0.0	0.0	0.0	0.0	0.0	0.0	0.0	0.0	0.0	0.0	0.0	0.0	0.0	0.0	0.0	0.0	0.0	0.0	0.0	0.0	0.0	0.0	0.0	0.0	0.0	0.0	0.0	0.0	0.0	0.0	0.0	0.0	0.0	0.0	0.0	0.0	0.0	0.0	0.0	0.0	0.0	0.0	0.0	0.0	0.0	0.0	0.0	0.0	0.0	0.0	0.0	0.0	0.0	0.0	0.0	0.0	0.0	0.0	0.0	0.0	0.0	0.0	0.0	0.0	0.0	0.0	0.0	0.0	0.0	0.0	0.0	0.0	0.0	0.0	0.0	0.0	0.0	0.0	0.0	0.0	0.0	0.0	0.0	0.0	0.0	0.0	0.0	0.0	0.0	0.0	0.0	0.0	0.0	0.0	0.0	0.0	0.0	0.0	0.0	0.0	0.0	0.0	0.0	0.0	0.0	0.0	0.0	0.0	0.0	0.0	0.0	0.0	0.0	0.0	0.0	0.0	0.0	0.0	0.0	0.0	0.0	0.0	0.0	0.0	0.0	0.0	0.0	0.0	0.0	0.0	0.0	0.0	0.0	0.0	0.0	0.0	0.0	0.0	0.0	0.0	0.0	0.0	0.0	0.0	0.0	0.0	0.0	0.0	0.0	0.0	0.0	0.0	0.0	0.0	0.0	0.0	0.0	0.0	0.0	0.0	0.0	0.0	0.0	0.0	0.0	0.0	0.0	0.0	0.0	7.34775625895156	6.994334226318162	6.6186405360502505	6.225324213442532	5.818594881601348	5.40252061540102	-1.2687837565100057	-1.6911074498307963	-2.110138946244186	-2.5215870879682445	-2.9212881662001493	-3.305323947006725	-3.670140163935045	-4.012656141892565	-4.330357691505849	-4.621366921492163	-4.884484333328897	-5.119200513608256	-5.32567685873553	-5.504696925315979	-5.657592032535694	-5.786146475274274	-5.892488980317845	-5.978977734472675	-6.048086372043768	-6.102297737531053	-6.144011113990706	-6.175467065004941	-6.19869225806187	-6.215464817950597	-6.227299091972579	-6.235447353929411	-6.240915039391782	-6.244485637159832	-6.246751344788116	-6.248145959280318	-6.24897710961865	-6.249455720577943	-6.249721405725083	-6.249863220846761	-6.249935798432988	-6.249971296228738	-6.249987828098616	-6.2499951283137865	-6.249998170110839	-6.249999359273042	-6.249999792542777	-6.24999993849085	-6.249999983502086	-6.249999996058337	-6.249999999178016	-6.249999999854495	-6.249999999979005	-6.249999999997684	-6.249999999999826	-6.249999999999993	-6.25	-6.25	-6.25	-6.25	-6.25	-6.25	-6.25	-6.25	-6.25	-6.25	-6.25	-6.25	-6.25	-6.25	-6.25	-6.25	-6.25	-6.25	-6.25	-6.25	-6.25	-6.25	-6.25	-6.25	-6.25	-6.25	-6.25	-6.25	-6.25	-6.25	-6.25	-6.25	-6.25	-6.25	-6.25	-6.25	-6.25	-6.25	-6.25	-6.25	-6.25	-6.25	-6.25	-6.25	-6.25	-6.25	-6.25	-6.25	-6.25	-6.25
-1.5270389314592887e-12	-1.6856982764379087e-12	-1.7012465813940384e-12	-1.7012465813940384e-12	-1.7012465813940384e-12	-1.7012465813940384e-12	-1.7012465813940384e-12	-1.7012465813940384e-12	-1.701246581394038e-12	-1.7012465813940378e-12	-1.7012465813940378e-12	-1.7012465813940378e-12	-1.7012465813940378e-12	-1.7012465813940378e-12	-1.7012465813940378e-12	-1.7012465813940378e-12	-1.7012465813940378e-12	-1.7012465813940378e-12	-1.7012465813940378e-12	-1.7012465813940378e-12	-1.7012465813940378e-12	-1.7012465813940378e-12	-1.7012465813940378e-12	-1.7012465813940378e-12	-1.7012465813940378e-12	-1.7012465813940378e-12	-1.7012465813940378e-12	-1.7012465813940378e-12	-1.7012465813940378e-12	-1.7012465813940378e-12	-1.7012465813940378e-12	-1.7012465813940378e-12	-1.7012465813940378e-12	-1.7012465813940378e-12	-1.7012465813940378e-12	-1.7012465813940374e-12	-1.701246581394037e-12	-1.701246581394037e-12	-1.701246581394037e-12	-1.701246581394037e-12	-1.701246581394037e-12	-1.7012465813940374e-12	-1.7012465813940378e-12	-1.7012465813940378e-12	-1.7012465813940378e-12	-1.7012465813940378e-12	-1.7012465813940378e-12	-1.7012465813940378e-12	-1.7012465813940378e-12	-1.7012465813940378e-12	-1.7012465813940378e-12	-1.7012465813940378e-12	-1.7012465813940378e-12	-1.7012465813940374e-12	-1.701246581394037e-12	-1.701246581394037e-12	-1.701246581394037e-12	-1.701246581394037e-12	-1.701246581394037e-12	-1.701246581394037e-12	-1.701246581394037e-12	-1.701246581394037e-12	-1.701246581394037e-12	-1.701246581394037e-12	-1.701246581394037e-12	-1.701246581394037e-12	-1.701246581394037e-12	-1.701246581394037e-12	-1.701246581394037e-12	-1.701246581394037e-12	-1.701246581394037e-12	-1.701246581394037e-12	-1.701246581394037e-12	-1.701246581394037e-12	-1.701246581394037e-12	-1.701246581394037e-12	-1.701246581394037e-12	-1.701246581394037e-12	-1.701246581394037e-12	-1.701246581394037e-12	-1.701246581394037e-12	-1.701246581394037e-12	-1.701246581394037e-12	-1.701246581394037e-12	-1.701246581394037e-12	-1.701246581394037e-12	-1.701246581394037e-12	-1.701246581394037e-12	-1.701246581394037e-12	-1.701246581394037e-12	-1.701246581394037e-12	-1.701246581394037e-12	-1.701246581394037e-12	-1.701246581394037e-12	-1.701246581394037e-12	-1.701246581394037e-12	-1.701246581394037e-12	-1.701246581394037e-12	-1.701246581394037e-12	-1.701246581394037e-12	-1.701246581394037e-12	-1.701246581394037e-12	-1.701246581394037e-12	-1.701246581394037e-12	-1.701246581394037e-12	-1.701246581394037e-12	-1.701246581394037e-12	-1.701246581394037e-12	-1.701246581394037e-12	-1.701246581394037e-12	-1.701246581394037e-12	-1.701246581394037e-12	-1.701246581394037e-12	-1.701246581394037e-12	-1.701246581394037e-12	-1.701246581394037e-12	-1.701246581394037e-12	-1.701246581394037e-12	-1.701246581394037e-12	-1.701246581394037e-12	-1.701246581394037e-12	-1.701246581394037e-12	-1.701246581394037e-12	-1.701246581394037e-12	-1.701246581394037e-12	-1.701246581394037e-12	-1.701246581394037e-12	-1.701246581394037e-12	-1.701246581394037e-12	-1.701246581394037e-12	-1.701246581394037e-12	-1.701246581394037e-12	-1.701246581394037e-12	-1.701246581394037e-12	-1.701246581394037e-12	-1.701246581394037e-12	-1.701246581394037e-12	-1.701246581394037e-12	-1.701246581394037e-12	-1.701246581394037e-12	-1.701246581394037e-12	-1.701246581394037e-12	-1.701246581394037e-12	-1.701246581394037e-12	-1.701246581394037e-12	-1.701246581394037e-12	-1.701246581394037e-12	-1.701246581394037e-12	-1.701246581394037e-12	-1.701246581394037e-12	-1.701246581394037e-12	-1.701246581394037e-12	-1.701246581394037e-12	-1.701246581394037e-12	-1.701246581394037e-12	-1.701246581394037e-12	-1.701246581394037e-12	-1.701246581394037e-12	-1.701246581394037e-12	-1.701246581394037e-12	-1.701246581394037e-12	-1.701246581394037e-12	-1.701246581394037e-12	-1.701246581394037e-12	-1.701246581394037e-12	-1.701246581394037e-12	-1.701246581394037e-12	-1.701246581394037e-12	-1.701246581394037e-12	-1.701246581394037e-12	-1.701246581394037e-12	-1.701246581394037e-12	-1.701246581394037e-12	-1.701246581394037e-12	-1.701246581394037e-12	-1.701246581394037e-12	-1.701246581394037e-12	-1.701246581394037e-12	-1.701246581394037e-12	-1.701246581394037e-12	-1.701246581394037e-12	-1.701246581394037e-12	-1.701246581394037e-12	-1.701246581394037e-12	-1.701246581394037e-12	-1.701246581394037e-12	-1.701246581394037e-12	-1.701246581394037e-12	-1.701246581394037e-12	-1.701246581394037e-12	-1.701246581394037e-12	-1.701246581394037e-12	-1.701246581394037e-12	-1.701246581394037e-12	-1.701246581394037e-12	-1.701246581394037e-12	-1.701246581394037e-12	-1.701246581394037e-12	-1.701246581394037e-12	-1.701246581394037e-12	-1.701246581394037e-12	-1.701246581394037e-12	-1.701246581394037e-12	-1.701246581394037e-12	-1.701246581394037e-12	-1.701246581394037e-12	-1.701246581394037e-12	-1.701246581394037e-12	-1.701246581394037e-12	-1.701246581394037e-12	-1.701246581394037e-12	-1.701246581394037e-12	-1.701246581394037e-12	-1.701246581394037e-12	-1.7012465813940368e-12	-1.7012465813940363e-12	-1.7012465813940363e-12	-1.7012465813940363e-12	-1.7012465813940363e-12	-1.7012465813940363e-12	-1.7012465813940363e-12	-1.7012465813940363e-12	-1.7012465813940363e-12	-1.7012465813940363e-12	-1.7012465813940363e-12	-1.7012465813940363e-12	-1.7012465813940363e-12	-1.7012465813940363e-12	-1.7012465813940363e-12	-1.7012465813940363e-12	-1.7012465813940363e-12	-1.7012465813940363e-12	-1.7012465813940363e-12	-1.7012465813940363e-12	-1.7012465813940363e-12	-1.7012465813940363e-12	-1.7012465813940363e-12	-1.7012465813940363e-12	-1.7012465813940363e-12	-1.7012465813940363e-12	-1.7012465813940363e-12	-1.7012465813940363e-12	-1.7012465813940363e-12	-1.7012465813940363e-12	-1.7012465813940363e-12	-1.7012465813940363e-12	-1.7012465813940363e-12	-1.7012465813940363e-12	-1.7012465813940363e-12	-1.7012465813940363e-12	-1.7012465813940363e-12	-1.7012465813940363e-12	-1.7012465813940363e-12	-1.7012465813940363e-12	-1.7012465813940363e-12	-1.7012465813940363e-12	-1.7012465813940363e-12	-1.7012465813940363e-12	-1.7012465813940363e-12	-1.7012465813940363e-12	-1.7012465813940363e-12	-1.7012465813940363e-12	-1.7012465813940363e-12	-1.7012465813940363e-12	-1.7012465813940363e-12	-1.7012465813940363e-12	-1.7012465813940363e-12	-1.7012465813940363e-12	-1.7012465813940363e-12	-1.7012465813940363e-12	-1.7012465813940363e-12	-1.7012465813940363e-12	-1.7012465813940363e-12	-1.7012465813940363e-12	-1.7012465813940363e-12	-1.7012465813940363e-12	-1.7012465813940363e-12	-1.7012465813940363e-12	-1.7012465813940363e-12	-1.7012465813940363e-12	-1.7012465813940363e-12	-1.7012465813940363e-12	-1.7012465813940363e-12	-1.7012465813940363e-12	-1.7012465813940363e-12	-1.7012465813940363e-12	-1.7012465813940363e-12	-1.7012465813940363e-12	-1.7012465813940363e-12	-1.7012465813940363e-12	-1.7012465813940363e-12	-1.7012465813940363e-12	-1.7012465813940363e-12	-1.7012465813940363e-12	-1.7012465813940363e-12	-1.7012465813940363e-12	-1.7012465813940363e-12	-1.7012465813940363e-12	-1.7012465813940363e-12	-1.7012465813940363e-12	-1.7012465813940363e-12	-1.7012465813940363e-12	-1.7012465813940363e-12	-1.7012465813940363e-12	-1.7012465813940361e-12	-1.7012465813940357e-12	-1.7012465813940357e-12	-1.7012465813940357e-12	-1.7012465813940357e-12	-1.7012465813940357e-12	-1.7012465813940357e-12	-1.7012465813940357e-12	-1.7012465813940357e-12	-1.7012465813940357e-12	-1.7012465813940357e-12	-1.7012465813940357e-12	-1.7012465813940357e-12	-1.7012465813940357e-12	-1.7012465813940357e-12	-1.7012465813940357e-12	-1.7012465813940357e-12	-1.7012465813940357e-12	-1.7012465813940357e-12	-1.7012465813940357e-12	-1.7012465813940357e-12	-1.7012465813940357e-12	-1.7012465813940357e-12	-1.7012465813940357e-12	-1.7012465813940357e-12	-1.7012465813940357e-12	-1.7012465813940357e-12	-1.7012465813940357e-12	-1.7012465813940357e-12	-1.7012465813940357e-12	-1.7012465813940357e-12	-1.7012465813940357e-12	-1.7012465813940357e-12	-1.7012465813940357e-12	-1.7012465813940357e-12	-1.7012465813940357e-12	-1.7012465813940357e-12	-1.7012465813940357e-12	-1.7012465813940357e-12	-1.7012465813940357e-12	-1.7012465813940357e-12	-1.7012465813940357e-12	-1.7012465813940357e-12	-1.7012465813940357e-12	-1.7012465813940357e-12	-1.7012465813940357e-12	-1.7012465813940357e-12	-1.7012465813940357e-12	-1.7012465813940357e-12	-1.7012465813940357e-12	-1.7012465813940357e-12	-1.7012465813940357e-12	-1.7012465813940357e-12	-1.7012465813940357e-12	-1.7012465813940357e-12	-1.7012465813940357e-12	-1.7012465813940357e-12	-1.7012465813940357e-12	-1.7012465813940357e-12	-1.7012465813940357e-12	-1.7012465813940357e-12	-1.7012465813940357e-12	-1.7012465813940357e-12	-1.7012465813940357e-12	-1.7012465813940357e-12	-1.7012465813940357e-12	-1.7012465813940357e-12	-1.7012465813940357e-12	-1.7012465813940357e-12	-1.7012465813940357e-12	-1.7012465813940357e-12	-1.7012465813940357e-12	-1.7012465813940357e-12	-1.7012465813940357e-12	-1.7012465813940357e-12	-1.7012465813940357e-12	-1.7012465813940357e-12	-1.7012465813940355e-12	-1.7012465813940351e-12	-1.7012465813940351e-12	-1.7012465813940351e-12	-1.7012465813940351e-12	-1.7012465813940351e-12	-1.7012465813940351e-12	-1.7012465813940351e-12	-1.7012465813940351e-12	-1.7012465813940351e-12	-1.7012465813940351e-12	-1.7012465813940351e-12	-1.7012465813940351e-12	-1.7012465813940351e-12	-1.7012465813940351e-12	-1.7012465813940351e-12	-1.7012465813940351e-12	-1.7012465813940351e-12	-1.7012465813940351e-12	-1.7012465813940351e-12	-1.7012465813940351e-12	-1.7012465813940351e-12	-1.7012465813940351e-12	-1.7012465813940351e-12	-1.7012465813940351e-12	-1.7012465813940351e-12	-1.7012465813940351e-12	-1.7012465813940351e-12	-1.7012465813940351e-12	-1.7012465813940351e-12	-1.7012465813940351e-12	-1.7012465813940351e-12	-1.7012465813940351e-12	-1.7012465813940351e-12	-1.7012465813940351e-12	-1.7012465813940351e-12	-1.7012465813940351e-12	-1.7012465813940351e-12	-1.7012465813940351e-12	-1.7012465813940351e-12	-1.7012465813940351e-12	-1.7012465813940351e-12	-1.7012465813940351e-12	-1.7012465813940351e-12	-1.7012465813940351e-12	-1.7012465813940351e-12	-1.7012465813940351e-12	-1.7012465813940351e-12	-1.7012465813940351e-12	-1.7012465813940351e-12	-1.7012465813940351e-12	-1.7012465813940351e-12	-1.7012465813940351e-12	-1.7012465813940351e-12	-1.7012465813940351e-12	-1.7012465813940351e-12	-1.7012465813940351e-12	-1.7012465813940351e-12	-1.7012465813940351e-12	-1.7012465813940351e-12	-1.7012465813940351e-12	-1.7012465813940351e-12	-1.7012465813940351e-12	-1.7012465813940351e-12	-1.7012465813940351e-12	-1.7012465813940351e-12	-1.7012465813940351e-12	-1.7012465813940351e-12	-1.7012465813940351e-12	-1.7012465813940351e-12	-1.7012465813940351e-12	-1.7012465813940355e-12	-1.7012465813940357e-12	-1.7012465813940357e-12	-1.7012465813940357e-12	-1.7012465813940357e-12	-1.7012465813940357e-12	-1.7012465813940357e-12	-1.7012465813940357e-12	-1.7012465813940357e-12	-1.7012465813940357e-12	-1.7012465813940357e-12	-1.7012465813940357e-12	-1.7012465813940357e-12	-1.7012465813940357e-12	-1.7012465813940357e-12	-1.7012465813940357e-12	-1.7012465813940357e-12	-1.7012465813940357e-12	-1.7012465813940357e-12	-1.7012465813940357e-12	-1.7012465813940357e-12	-1.7012465813940357e-12	-1.7012465813940357e-12	-1.7012465813940357e-12	-1.7012465813940357e-12	-1.7012465813940357e-12	-1.7012465813940357e-12	-1.7012465813940357e-12	-1.7012465813940357e-12	-1.7012465813940357e-12	-1.7012465813940357e-12	-1.7012465813940357e-12	-1.7012465813940357e-12	-1.7012465813940357e-12	-1.7012465813940357e-12	-1.7012465813940357e-12	-1.7012465813940357e-12	-1.7012465813940357e-12	-1.7012465813940357e-12	-1.7012465813940357e-12	-1.7012465813940357e-12	-1.7012465813940357e-12	-1.7012465813940357e-12	-1.7012465813940357e-12	-1.7012465813940357e-12	-1.7012465813940357e-12	-1.7012465813940357e-12	-1.7012465813940357e-12	-1.7012465813940357e-12	-1.7012465813940357e-12	-1.7012465813940357e-12	-1.7012465813940357e-12	-1.7012465813940357e-12	-1.7012465813940357e-12	-1.7012465813940357e-12	-1.7012465813940357e-12	-1.7012465813940357e-12	-1.7012465813940357e-12	-1.7012465813940357e-12	-1.7012465813940357e-12	-1.7012465813940357e-12	-1.7012465813940357e-12	-1.7012465813940357e-12	-1.7012465813940357e-12	-1.7012465813940361e-12	-1.7012465813940363e-12	-1.7012465813940363e-12	-1.7012465813940363e-12	-1.7012465813940363e-12	-1.7012465813940363e-12	-1.7012465813940363e-12	-1.7012465813940363e-12	-1.7012465813940363e-12	-1.7012465813940363e-12	-1.7012465813940363e-12	-1.7012465813940363e-12	-1.7012465813940363e-12	-1.7012465813940363e-12	-1.7012465813940363e-12	-1.7012465813940363e-12	-1.7012465813940363e-12	-1.7012465813940363e-12	-1.7012465813940363e-12	-1.7012465813940363e-12	-1.7012465813940363e-12	-1.7012465813940368e-12	-1.701246581394037e-12	-1.701246581394037e-12	-1.701246581394037e-12	-1.701246581394037e-12	-1.701246581394037e-12	-1.701246581394037e-12	-1.701246581394037e-12	-1.701246581394037e-12	-1.701246581394037e-12	-1.701246581394037e-12	-1.701246581394037e-12	-1.701246581394037e-12	-1.7012465813940374e-12	-1.7012465813940378e-12	-1.701246581394038e-12	-1.7012465813940386e-12	-1.7012465813940396e-12	-1.7012465813940408e-12	-1.7012465813940428e-12	-1.7012465813940458e-12	-1.70124658139405e-12	-1.701246581394056e-12	-1.7012465813940652e-12	-1.7012465813940782e-12	-1.701246581394097e-12	-1.7012465813941242e-12	-1.7012465813941634e-12	-1.7012465813942197e-12	-1.7012465813943015e-12	-1.7012465813944194e-12	-1.7012465813945893e-12	-1.701246581394834e-12	-1.7012465813951866e-12	-1.7012465813956943e-12	-1.7012465813964252e-12	-1.7012465813974761e-12	-1.701246581398987e-12	-1.7012465814011577e-12	-1.7012465814042745e-12	-1.7012465814087477e-12	-1.701246581415164e-12	-1.7012465814243627e-12	-1.7012465814375433e-12	-1.7012465814564182e-12	-1.7012465814834326e-12	-1.7012465815220753e-12	-1.7012465815773205e-12	-1.701246581656256e-12	-1.7012465817689776e-12	-1.7012465819298535e-12	-1.7012465821593234e-12	-1.701246582486443e-12	-1.7012465829524951e-12	-1.7012465836160953e-12	-1.70124658456042e-12	-1.7012465859034234e-12	-1.7012465878122751e-12	-1.701246590523743e-12	-1.7012465943729586e-12	-1.7012465998339757e-12	-1.7012466075769238e-12	-1.7012466185484914e-12	-1.7012466340851809e-12	-1.7012466560725695e-12	-1.701246687169107e-12	-1.7012467311203792e-12	-1.7012467932000903e-12	-1.7012468808284074e-12	-1.7012470044383769e-12	-1.7012471786890341e-12	-1.7012474241626755e-12	-1.7012477697377368e-12	-1.7012482559036977e-12	-1.7012489393884417e-12	-1.7012498996127242e-12	-1.7012512476861492e-12	-1.7012531389355264e-12	-1.7012557903387715e-12	-1.701259504765659e-12	-1.7012647046557603e-12	-1.7012719787692749e-12	-1.701282147031675e-12	-1.7012963503999028e-12	-1.701316175300231e-12	-1.7013438257909637e-12	-1.701382361548934e-12	-1.7014360265611433e-12	-1.701510702694799e-12	-1.7016145350365956e-12	-1.7017587932808964e-12	-1.7019590571985962e-12	-1.7022368466294777e-12	-1.7026218606222581e-12	-1.7031550505104094e-12	-1.7038928335541737e-12	-1.7049128649935516e-12	-1.7063219373231304e-12	-1.708266780304749e-12	-1.710948812504494e-12	-1.7146442702855034e-12	-1.7197316471903408e-12	-1.7267290610793455e-12	-1.7363450892946246e-12	-1.7495478551472294e-12	-1.7676588212676214e-12	-1.792479992373693e-12	-1.8264662457567556e-12	-1.8729585503829112e-12	-1.936499247995291e-12	-2.023257807265569e-12	-2.1416051283064564e-12	-2.302887368380662e-12	-2.5224674360019816e-12	-2.821125152972186e-12	-3.22693744826634e-12	-3.7778002402413194e-12	-4.524807059312401e-12	-5.5367701276879235e-12	-6.906263003256293e-12	-8.757687149654718e-12	-1.125802723664631e-11	-1.4631173760429506e-11	-1.9176972527906827e-11	-2.5296529241026587e-11	-3.3525780536660745e-11	-4.4579974957876e-11	-5.941253316477502e-11	-7.929283395778908e-11	-1.0590887576835265e-10	-1.4150258786153001e-10	-1.8904793446789465e-10	-2.5248502591237586e-10	-3.370274250269792e-10	-4.495649720121443e-10	-5.99191074356412e-10	-7.978919375273073e-10	-1.0614461763808878e-9	-1.4105973173759868e-9	-1.872579725749604e-9	-2.483101539683359e-9	-3.288917612027763e-9	-4.35116294121542e-9	-5.749664737103463e-9	-7.588511766387154e-9	-1.0003236264308422e-8	-1.3170060602522118e-8	-1.731778318023885e-8	-2.2743031990227345e-8	-2.9829807827374554e-8	-3.907448179729451e-8	-5.1117715496350845e-8	-6.67851514975173e-8	-8.713919434274872e-8	-1.135447897507077e-7	-1.4775283849492213e-7	-1.9200578325127768e-7	-2.4917102013524966e-7	-3.2290915797595743e-7	-4.1788583319688377e-7	-5.400378529705095e-7	-6.969069633035211e-7	-8.980576159414761e-7	-1.155598849693168e-6	-1.484834939005529e-6	-1.9050749491005594e-6	-2.4406379522868655e-6	-3.122098612981292e-6	-3.987827381153677e-6	-5.085890923559008e-6	-6.476391987884089e-6	-8.234343999670549e-6	-1.0453194746300669e-5	-1.3249135968310226e-5	-1.6766362071547662e-5	-2.118347206568781e-5	-2.672124485321653e-5	-3.3652059821681336e-5	-4.231128306689946e-5	-5.311099527938634e-5	-6.655650118281966e-5	-8.326613327088087e-5	-0.00010399494530649765	-0.0001296629844731767	-0.00016138893601101492	-0.00020053005136717145	-0.00024872940096641794	-0.00030797163612548685	-0.0003806486016424625	-0.0004696363111563557	-0.0005783849811074605	-0.0007110240152204165	-0.0008724840385465716	-0.0010686382962989984	-0.0013064659553456723	-0.0015942400718417834	-0.0019417432127213235	-0.002360513936261204	-0.0028641275411953582	-0.0034685146771927886	-0.004192321562902829	-0.0050573156707629865	-0.006088840798357658	-0.00731632544061383	-0.008773848289956266	-0.010500764505054352	-0.012542396082909234	-0.014950789220881876	-0.01778554093864227	-0.021114696414691436	-0.0250157174429331	-0.02957652109063574	-0.03489658599166558	-0.041088121681037496	-0.04827729390135987	-0.05660549580966943	-0.06623065139254947	-0.07732853305275672	-0.09009407014298444	-0.10474261906151011	-0.12151115825255661	-0.14065936293320758	-0.16247050447152894	-0.18725210796710567	-0.2153362886847572	-0.2470796735924016	-0.2828627984975145	-0.3230888544649739	-0.36818163984360075	-0.41858255710597747	-0.47474647791508745	-0.537136286846867	-0.6062159059137724	-0.6824416007871462	-0.7662513781763929	-0.8580523053448176	-0.9582056206534024	-1.067009561845941	-1.1846799198724203	-1.3113284332180613	-1.4469392728188488	-1.5913440310604279	-1.7441958183552084	-1.904943282967939	-2.0728055964589425	-2.2467496769805924	-2.4254711403895084	-2.607380655524067	-2.7905975124190654	-2.972952265610887	-3.15200026304897	-3.3250476897379935	-3.489191423302137	-3.64137350248373	-3.778450345894048	-3.897276037534906	-3.9947980445274602	-4.068162696087345	-4.1148266944315965	-4.132669928031777	-4.120104008152692	-4.0761703498796305	-4.000621365269515	-3.8939785122314023	-3.757561607065643	-3.593484984322129	-3.4046177526336265	-3.1945074760611423	-2.9672689815219404	-2.7274424809550455	-2.479827593197934	-2.2293019286215623	-1.9806344384299464	-1.7383045407435311	-1.5063379850098535	-1.2881694519070006	-1.0865400481185432	-0.90343528161785	-0.7400660190939021	-0.5968916253462784	-0.47368129187617786	-0.36960680081238534	-0.283357917471208	-0.2132704549984884	-0.15745689434344431	-0.11393023966369399	-0.08071339727271463	-0.05592854884465446	-0.037863455248805834	-0.025014072547507486	-0.01610501376236786	-0.010091043136775866	-0.006143827525903374	-0.0036285722989526036	-0.0020750038274150256	-0.0011465590168135825	-0.0006107708361060013	-0.00031286714072788755	-0.00015367456149723225	-7.214478272655121e-5	-3.2253556731363604e-5	-1.3674034980055348e-5	-5.470842954779999e-6	-2.053944488582392e-6	-7.187727190587929e-7	-2.3258348869904847e-7	-6.891409113373478e-8	-1.8471771225561073e-8	-4.410299338333897e-9	-9.190980519334398e-10	-1.6258822706096341e-10	-2.34454773839491e-11	-2.584558081956083e-12	-1.9367223874016626e-13	-7.401486830834376e-15	0.0	0.0	0.0	0.0	0.0	0.0	0.0	0.0	0.0	0.0	0.0	0.0	0.0	0.0	0.0	0.0	0.0	0.0	0.0	0.0	0.0	0.0	0.0	0.0	0.0	0.0	0.0	0.0	0.0	0.0	0.0	0.0	0.0	0.0	0.0	0.0	0.0	0.0	0.0	0.0	0.0	0.0	0.0	0.0	0.0	0.0	0.0	0.0	0.0	0.0	0.0	0.0	0.0	0.0	0.0	0.0	0.0	0.0	0.0	0.0	0.0	0.0	0.0	0.0	0.0	0.0	0.0	0.0	0.0	0.0	0.0	0.0	0.0	0.0	0.0	0.0	0.0	0.0	0.0	0.0	0.0	0.0	0.0	0.0	0.0	0.0	0.0	0.0	0.0	0.0	0.0	0.0	0.0	0.0	0.0	0.0	0.0	0.0	0.0	0.0	0.0	0.0	0.0	0.0	0.0	0.0	0.0	0.0	0.0	0.0	0.0	0.0	0.0	0.0	0.0	0.0	0.0	0.0	0.0	0.0	0.0	0.0	0.0	0.0	0.0	0.0	0.0	0.0	0.0	0.0	0.0	0.0	0.0	0.0	0.0	0.0	0.0	0.0	0.0	0.0	0.0	0.0	0.0	0.0	0.0	0.0	0.0	0.0	0.0
-0.006268407127803399	-0.006268407127703105	-0.006268407127618858	-0.006268407127548089	-0.006268407127488645	-0.006268407127438712	-0.006268407127396767	-0.006268407127361534	-0.0062684071273319385	-0.006268407127307077	-0.006268407127286195	-0.006268407127268652	-0.006268407127253918	-0.0062684071272415395	-0.006268407127231143	-0.00626840712722241	-0.006268407127215074	-0.006268407127208911	-0.006268407127203735	-0.006268407127199387	-0.006268407127195735	-0.006268407127192667	-0.00626840712719009	-0.006268407127187925	-0.006268407127186107	-0.00626840712718458	-0.006268407127183297	-0.006268407127182219	-0.006268407127181314	-0.0062684071271805536	-0.006268407127179914	-0.006268407127179377	-0.0062684071271789255	-0.006268407127178546	-0.006268407127178227	-0.00626840712717796	-0.0062684071271777355	-0.006268407127177547	-0.0062684071271773886	-0.006268407127177256	-0.006268407127177143	-0.00626840712717705	-0.0062684071271769705	-0.006268407127176905	-0.006268407127176848	-0.006268407127176802	-0.006268407127176762	-0.006268407127176729	-0.006268407127176702	-0.006268407127176679	-0.006268407127176659	-0.0062684071271766435	-0.00626840712717663	-0.0062684071271766175	-0.006268407127176607	-0.006268407127176599	-0.006268407127176592	-0.006268407127176586	-0.006268407127176582	-0.006268407127176578	-0.006268407127176575	-0.0062684071271765715	-0.00626840712717657	-0.006268407127176568	-0.006268407127176565	-0.006268407127176564	-0.006268407127176563	-0.006268407127176562	-0.006268407127176561	-0.00626840712717656	-0.00626840712717656	-0.00626840712717656	-0.00626840712717656	-0.00626840712717656	-0.00626840712717656	-0.00626840712717656	-0.00626840712717656	-0.00626840712717656	-0.00626840712717656	-0.00626840712717656	-0.00626840712717656	-0.00626840712717656	-0.00626840712717656	-0.00626840712717656	-0.00626840712717656	-0.00626840712717656	-0.00626840712717656	-0.00626840712717656	-0.00626840712717656	-0.00626840712717656	-0.00626840712717656	-0.00626840712717656	-0.00626840712717656	-0.00626840712717656	-0.00626840712717656	-0.00626840712717656	-0.00626840712717656	-0.00626840712717656	-0.00626840712717656	-0.00626840712717656	-0.006268407127176561	-0.006268407127176562	-0.006268407127176564	-0.006268407127176568	-0.006268407127176574	-0.006268407127176583	-0.006268407127176597	-0.006268407127176618	-0.006268407127176653	-0.006268407127176706	-0.006268407127176786	-0.006268407127176907	-0.006268407127177088	-0.006268407127177357	-0.006268407127177756	-0.006268407127178342	-0.006268407127179197	-0.006268407127180436	-0.006268407127182219	-0.006268407127184773	-0.006268407127188408	-0.006268407127193552	-0.006268407127200789	-0.006268407127210912	-0.006268407127224999	-0.006268407127244494	-0.006268407127271334	-0.006268407127308093	-0.0062684071273581875	-0.006268407127426119	-0.006268407127517797	-0.006268407127640936	-0.0062684071278055675	-0.006268407128024673	-0.006268407128314977	-0.006268407128697939	-0.006268407129200965	-0.006268407129858921	-0.006268407130715968	-0.006268407131827826	-0.0062684071332645116	-0.006268407135113665	-0.006268407137484568	-0.006268407140512966	-0.006268407144366854	-0.006268407149253376	-0.006268407155427035	-0.006268407163199402	-0.0062684071729505976	-0.006268407185142774	-0.006268407200335912	-0.006268407219206293	-0.006268407242567952	-0.006268407271397583	-0.006268407306863317	-0.00626840735035784	-0.006268407403536446	-0.006268407468360533	-0.006268407547147233	-0.006268407642625789	-0.006268407758001445	-0.00626840789702758	-0.006268408064086906	-0.006268408264282575	-0.00626840850354007	-0.006268408788720825	-0.0062684091277484906	-0.006268409529748834	-0.006268410005204266	-0.0062684105661239675	-0.006268411226230625	-0.006268412001164753	-0.006268412908707541	-0.006268413969023164	-0.0062684152049214134	-0.006268416642141435	-0.0062684183096573245	-0.006268420240006154	-0.006268422469638974	-0.006268425039295137	-0.006268427994400159	-0.006268431385487172	-0.00626843526864183	-0.00626843970597028	-0.006268444766089687	-0.006268450524640414	-0.006268457064818866	-0.006268464477929594	-0.006268472863955037	-0.006268482332141005	-0.006268493001595668	-0.006268505001899486	-0.006268518473723283	-0.006268533569451294	-0.006268550453805721	-0.006268569304469052	-0.006268590312700119	-0.006268613683939553	-0.0062686396384001065	-0.0062686684116370715	-0.006268700255093762	-0.006268735436616976	-0.00626877424093712	-0.006268816970107657	-0.006268863943898471	-0.0062689155001377115	-0.00626897199499682	-0.006269033803213433	-0.006269101318247106	-0.006269174952362965	-0.006269255136638685	-0.006269342320890489	-0.006269436973514303	-0.006269539581238555	-0.006269650648785672	-0.006269770698439802	-0.006269900269518911	-0.0062700399177500095	-0.006270190214546909	-0.006270351746190626	-0.006270525112913239	-0.006270710927886747	-0.006270909816119189	-0.006271122413261066	-0.006271349364325822	-0.0062715913223288285	-0.006271848946850077	-0.006272122902526395	-0.006272413857479681	-0.006272722481688178	-0.006273049445308407	-0.006273395416955803	-0.00627376106195253	-0.006274147040551273	-0.006274554006144105	-0.006274982603465679	-0.006275433466800118	-0.006275907218201032	-0.006276404465733975	-0.006276925801750614	-0.0062774718012035885	-0.006278043020010807	-0.006278639993477541	-0.006279263234784267	-0.006279913233547741	-0.006280590454462167	-0.006281295336026852	-0.00628202828936599	-0.006282789697145581	-0.006283579912591868	-0.006284399258614805	-0.006285248027039485	-0.006286126477947617	-0.00628703483913046	-0.006287973305653884	-0.006288942039535503	-0.006289941169533156	-0.006290970791043352	-0.006292030966107687	-0.006293121723524583	-0.006294243059063274	-0.006295394935776363	-0.006296577284406853	-0.0062977900038851935	-0.006299032961911473	-0.006300305995617638	-0.006301608912304318	-0.006302941490246731	-0.006304303479563873	-0.006305694603145208	-0.0063071145576289655	-0.006308563014426144	-0.0063100396207843796	-0.006311544000885877	-0.006313075756973748	-0.006314634470501194	-0.006316219703298143	-0.00631783099875022	-0.006319467882985012	-0.006321129866060946	-0.006322816443154256	-0.0063245270957398405	-0.006326261292762059	-0.006328018491791759	-0.006329798140166169	-0.006331599676108551	-0.006333422529824732	-0.006335266124574026	-0.006337129877712227	-0.006339013201704673	-0.006340915505107642	-0.0063428361935165736	-0.006344774670479854	-0.006346730338377159	-0.00634870259926153	-0.006350690855664574	-0.006352694511364414	-0.006354712972116146	-0.006356745646344716	-0.006358791945800385	-0.006360851286176962	-0.006362923087693212	-0.006365006775637904	-0.006367101780879137	-0.006369207540338581	-0.006371323497431472	-0.006373449102473141	-0.0063755838130530595	-0.006377727094377303	-0.006379878419580508	-0.006382037270008287	-0.006384203135471275	-0.006386375514471817	-0.006388553914404463	-0.006390737851731363	-0.0063929268521337014	-0.0063951204506402645	-0.006397318191734297	-0.0063995196294397046	-0.006401724327387708	-0.006403931858865043	-0.0064061418068446915	-0.006408353764000246	-0.006410567332704842	-0.006412782125015659	-0.006414997762644942	-0.006417213876918433	-0.006419430108722098	-0.006421646108438031	-0.006423861535870301	-0.006426076060161579	-0.00642828935970125	-0.006430501122025774	-0.006432711043711956	-0.0064349188302637896	-0.006437124195993492	-0.006439326863897349	-0.00644152656552688	-0.0064437230408559195	-0.0064459160381440785	-0.006448105313797062	-0.006450290632224311	-0.006452471765694373	-0.006454648494188413	-0.006456820605252216	-0.0064589878938470435	-0.006461150162199665	-0.00646330721965187	-0.006465458882509733	-0.006467604973892897	-0.006469745323584136	-0.006471879767879377	-0.006474008149438438	-0.006476130317136648	-0.006478246125917504	-0.006480355436646577	-0.006482458115966751	-0.006484554036154977	-0.006486643074980639	-0.006488725115565629	-0.006490800046246253	-0.006492867760437045	-0.0064949281564965445	-0.006496981137595141	-0.00649902661158501	-0.0065010644908722135	-0.006503094692290991	-0.006505117136980294	-0.006507131750262567	-0.006509138461524836	-0.006511137204102074	-0.0065131279151629026	-0.00651511053559759	-0.0065170850099083985	-0.006519051286102235	-0.006521009315585615	-0.006522959053061946	-0.006524900456431092	-0.006526833486691228	-0.0065287581078429385	-0.006530674286795573	-0.006532581993275806	-0.0065344811997384055	-0.006536371881279144	-0.006538254015549871	-0.006540127582675687	-0.006541992565174185	-0.006543848947876761	-0.006545696717851923	-0.006547535864330586	-0.0065493663786333174	-0.006551188254099484	-0.0065530014860183	-0.006554806071561695	-0.006556602009718997	-0.006558389301233386	-0.006560167948540092	-0.006561937955706278	-0.0065636993283725974	-0.006565452073696374	-0.0065671962002963715	-0.006568931718199136	-0.006570658638786841	-0.006572376974746625	-0.006574086740021395	-0.006575787949762033	-0.006577480620280989	-0.006579164769007229	-0.006580840414442512	-0.006582507576118925	-0.00658416627455771	-0.0065858165312292815	-0.006587458368514453	-0.006589091809666821	-0.00659071687877628	-0.00659233360073364	-0.0065939420011963176	-0.006595542106555083	-0.006597133943901804	-0.0065987175409981955	-0.00660029292624554	-0.006601860128655325	-0.006603419177820808	-0.0066049701038894725	-0.006606512937536337	-0.006608047709938112	-0.00660957445274817	-0.006611093198072308	-0.006612603978445291	-0.006614106826808136	-0.006615601776486128	-0.006617088861167544	-0.006618568114883077	-0.006620039571985899	-0.0066215032671324186	-0.006622959235263623	-0.00662440751158707	-0.006625848131559452	-0.0066272811308697496	-0.006628706545422941	-0.0066301244113242674	-0.006631534764864003	-0.006632937642502772	-0.00663433308085733	-0.006635721116686859	-0.006637101786879714	-0.006638475128440626	-0.006639841178478354	-0.006641199974193763	-0.006642551552868322	-0.0066438959518529865	-0.006645233208557508	-0.0066465633604400895	-0.006647886444997424	-0.006649202499755095	-0.006650511562258308	-0.006651813670062981	-0.0066531088607271315	-0.006654397171802608	-0.006655678640827108	-0.006656953305316498	-0.006658221202757431	-0.0066594823706002245	-0.006660736846252025	-0.0066619846670702264	-0.006663225870356148	-0.006664460493348951	-0.006665688573219795	-0.0066669101470662314	-0.006668125251906823	-0.006669333924675959	-0.00667053620221891	-0.006671732121287061	-0.0066729217185333605	-0.0066741050305079465	-0.006675282093653966	-0.006676452944303563	-0.006677617618674056	-0.006678776152864268	-0.006679928582851021	-0.006681074944485792	-0.006682215273491516	-0.006683349605459538	-0.006684477975846699	-0.006685600419972559	-0.0066867169730167614	-0.006687827670016486	-0.006688932545864058	-0.006690031635304634	-0.006691124972934011	-0.006692212593196497	-0.006693294530382879	-0.006694370818628443	-0.006695441491911026	-0.006696506584049086	-0.006697566128699748	-0.00669862015935678	-0.006699668709348433	-0.006700711811835072	-0.00670174949980649	-0.006702781806078744	-0.006703808763290343	-0.006704830403897511	-0.006705846760168179	-0.006706857864174256	-0.006707863747781555	-0.006708864442636576	-0.0067098599801490065	-0.006710850391468579	-0.006711835707454304	-0.0067128159586336104	-0.006713791175148043	-0.00671476138668113	-0.006715726622362699	-0.006716686910642028	-0.006717642279120038	-0.006718592754327452	-0.006719538361432204	-0.006720479123854031	-0.006721415062757754	-0.006722346196388275	-0.00672327253919935	-0.006724194100714375	-0.006725110884039521	-0.0067260228839267685	-0.006726930084255464	-0.006727832454764166	-0.006728729946817925	-0.00672962248793718	-0.006730509974740084	-0.006731392263856679	-0.006732269160255996	-0.006733140402280608	-0.006734005642500064	-0.0067348644232672035	-0.006735716145578858	-0.006736560029493288	-0.006737395063926049	-0.006738219943116483	-0.006739032986408121	-0.006739832037193608	-0.006740614335909523	-0.006741376360795279	-0.006742113628714222	-0.006742820446628896	-0.006743489602274798	-0.006744111980128875	-0.00674467608585406	-0.006745167458944897	-0.006745567949219214	-0.006745854828006336	-0.006745999699275467	-0.0067459671694241885	-0.006745713226897021	-0.006745183274115834	-0.006744309744266413	-0.006743009224193214	-0.006741178991912999	-0.006738692862993741	-0.006735396224214807	-0.00673110011553115	-0.006725574202479995	-0.006718538460966221	-0.006709653375170008	-0.006698508427708291	-0.0066846086401237985	-0.006667358902940406	-0.0066460458208281985	-0.0066198167950978085	-0.006587656082411951	-0.006548357623338782	-0.00650049456170917	-0.0064423856424574875	-0.006372059211961337	-0.006287216606320333	-0.0061851988025852815	-0.0060629643188096416	-0.005917094444999247	-0.005743857857273098	-0.005539398217366634	-0.005300170766475243	-0.005023877488755738	-0.004858623951133861	-0.004506803524070683	-0.004149497872532415	-0.0038007944543015934	-0.0034671647141844386	-0.003151471950893004	-0.0028550194575024776	-0.0025782831882704463	-0.002321232504390438	-0.002083507789048915	-0.0018645306957921406	-0.0016635765383381214	-0.0014798235779596037	-0.0013123876038289447	-0.0011603469153892547	-0.001022760921695377	-0.0008986844075444692	-0.0007871787750934702	-0.000687321092977453	-0.0005982114797087369	-0.0005189791556788317	-0.0004487873796158187	-0.000386837414760886	-0.0003323716297779983	-0.0002846758178663136	-0.00024308080712855874	-0.00020696343112225194	-0.00017574692765967323	-0.00014890083447990433	-0.0001259404512991753	-0.00010642593833945896	-8.996112142699212e-5	-7.619207301998762e-5	-6.48055370662634e-5	-5.552726348027425e-5	-4.812031538475491e-5	-4.238340923123714e-5	-3.8149344655614666e-5	-3.528357760264524e-5	-3.368298702603433e-5	-3.327488248877081e-5	-3.4016297389056836e-5	-3.5893610442327516e-5	-3.892253656408289e-5	-4.314852750805984e-5	-4.864762258792652e-5	-5.5527790598686146e-5	-6.39308056899725e-5	-7.403470244544564e-5	-8.605685879445047e-5	-0.00010025775961528827	-0.00011694549896411169	-0.00013648108475014566	-0.00015928461633873665	-0.0001858424129531033	-0.00021671517881104047	-0.0002525472996147786	-0.00029407737424422275	-0.0003421500952117293	-0.00039772960153759414	-0.00046191443810674815	-0.0005359542661643537	-0.0006212684802831461	-0.0007194668977548937	-0.000832372696770795	-0.0009620477897893115	-0.0011108208279506327	-0.00128131804106562	-0.001476497125337713	-0.0016996843972941753	-0.0019546154371029977	-0.0022454794471972383	-0.0025769675525506523	-0.0029543252666462015	-0.0033834093417197133	-0.0038707492127818197	-0.004423613231731481	-0.005050079870058631	-0.005759114045655973	-0.006560648700570443	-0.0074656717215649095	-0.008486318253572217	-0.009635968406958299	-0.010929350302440908	-0.012382648332041021	-0.014013616440127136	-0.015841696145063047	-0.017888138928879627	-0.020176132519550232	-0.022730930477760647	-0.025579984377566325	-0.02875307773821307	-0.03228246072302685	-0.0362029844712123	-0.04055223377040458	-0.04537065661289356	-0.05070168900782029	-0.05659187324682847	-0.06309096764339499	-0.07025204558838946	-0.07813158158861823	-0.08678952178374716	-0.09628933627288017	-0.10669805042823313	-0.11808625223303391	-0.1305280725574161	-0.14410113518321235	-0.15888647330982866	-0.17496840922246712	-0.1924343937844954	-0.21137480243128756	-0.23188268439675183	-0.2540534619991635	-0.27798457695266027	-0.303775080857286	-0.3315251672557984	-0.36133564293109305	-0.3933073364550301	-0.42754044238806876	-0.4641337999692865	-0.5031841056273443	-0.5447850591835449	-0.589026444206646	-0.6359931436135131	-0.6857640922878178	-0.7384111692085149	-0.7939980323386236	-0.8525789003210803	-0.9141972858608602	-0.9788846865406857	-1.0466592397219436	-1.1175243491245626	-1.1914672916624556	-1.2684578141390381	-1.3484467304857561	-1.4313645313623233	-1.517120019137843	-1.6055989825450836	-1.6966629266531723	-1.790147875242859	-1.8858632641965913	-1.9835909461321084	-2.0830843282064238	-2.184067666782212	-2.2862355444560767	-2.3892525567605545	-2.4927532376169186	-2.5963422542644023	-2.699594903834732	-2.8020579448692797	-2.903250797758573	-3.0026671481674727	-3.0997769868213774	-3.1940291173795603	-3.2848541613096907	-3.371668084496715	-3.4538762645688412	-3.53087811042024	-3.60207223600344	-3.66686217905276	-3.724662641949924	-3.774906216508116	-3.8170505371912924	-3.850585788485936	-3.875042472224424	-3.889999320190974	-3.8950912170380105	-3.890016979257011	-3.8745468186565786	-3.848529304562769	-3.811897628876268	-3.7646749732885145	-3.70697877938456	-3.6390237309006226	-3.5611232736842795	-3.473689523245462	-3.3772314421372793	-3.272351209297894	-3.1597387500021736	-3.0401644468513376	-2.9144701074915575	-2.783558321367577	-2.6483803933977814	-2.509923094481332	-2.3691945147026767	-2.2272093426313146	-2.084973921184007	-1.9434714455315156	-1.8036476704638753	-1.6663974830899284	-1.5325526720288085	-1.402871187312811	-1.2780281376373859	-1.1586087154608034	-1.0451031782638358	-0.9379039487645846	-0.8373048308683483	-0.7435022743706421	-0.6565985624647362	-0.5766067441440971	-0.503457090426768	-0.43700482028310467	-0.3770388200531495	-0.3232910693623837	-0.2754464873338098	-0.23315293824260305	-0.19603116063828807	-0.1636843465883075	-0.1357070091866295	-0.11169279930149559	-0.09124116288586169	-0.07396297955697204	-0.05948539395597724	-0.04745594627209599	-0.03754595986866365	-0.029453072158599183	-0.02290282626394337	-0.01764932693527664	-0.013475046795111394	-0.010189920012297767	-0.007629879443642522	-0.0056549990826221105	-0.004147347542895199	-0.003008699565506761	-0.0021582266489193103	-0.0015302263112190466	-0.0010719527533082523	-0.0007415959572465901	-0.0005064413089666958	-0.00034122839863090146	-0.00022671611231146822	-0.00014845167172177615	-9.57339450585458e-5	-6.0756066194877425e-5	-3.790899351024788e-5	-2.3225877110213035e-5	-1.394670433165322e-5	-8.183359923707215e-6	-4.666674551063208e-6	-2.558970755495181e-6	-1.317812121169719e-6	-5.989255122371914e-7	-1.8845088906687404e-7	4.332317386464664e-8	1.7281799804818093e-7	2.507093389312186e-7	3.125440960798346e-7	3.792844868576378e-7	4.6483893508233406e-7	5.814140672251485e-7	7.428174002811226e-7	9.66783002339037e-7	1.2771131348089688e-6	1.706127790425628e-6	2.2977728926998764e-6	3.1117061983857177e-6	4.22871520392545e-6	5.757902201658124e-6	7.84618988334751e-6	1.0690856582814566e-5	1.4556008699743185e-5	1.979414737199985e-5	2.687429756883596e-5	3.641855283124648e-5	4.924936200032528e-5	6.645046116627337e-5	8.94450517974885e-5	0.00012009566250308503	0.00016083112520607362	0.00021480726374911529	0.0002861092486878488	0.0003800051261969647	0.0005032617842153937	0.0006645365669648455	0.0008748598664900563	0.0011482262634313156	0.0015023140893576214	0.0019593555375766267	0.0025471815167035696	0.0033004671330243407	0.00426220476212088	0.0054854318269490715	0.007035239276383105	0.008991083931587452	0.01144942285789897	0.014526680203812202	0.018362545979604756	0.02312359148738223	0.02900716707385802	0.036245524175672436	0.04511007505910523	0.05591567027396167	0.06902473604700574	0.08485107248211475	0.10386306990350627	0.12658605699364792	0.15360345324674166	0.18555636310284507	0.22314122404977085	0.2671051106625443	0.3182383060653519	0.3773637868188297	0.4453233316264321	0.5229600625845855	0.6110973626435685	0.7105142851228002	0.8219177784470766	0.945912286329511	1.0829675412171904	1.2333856336905438	1.3972686954604123	1.5744887579675755	1.7646615192068567	1.967125844141007	2.180930815827571	2.4048320254760247	2.637298526497054	2.8765314753792	3.1204949472454917	3.3669587653783277	3.6135524545983344	3.857828663829488	4.09733365992081	4.329681836193703	4.552630670197336	4.764152265824353	4.962497573337001	5.146249626258828	5.314362671320046	5.466184873494018	5.60146330070852	5.720331054178718	5.823072351141428	5.903689618510732	5.939685097312457	5.887611553940527	5.695558424065046	5.330638101520236	4.801454691889213	4.159809184365205	3.481717477202677	2.840539623986536	2.2870385038908347	1.8433526924386094	1.5082611670773503	1.2668857655058412	1.0993922775026144	0.9865391546954937	0.9122538659696158	0.8642585372444469	0.8337134709922168	0.814514054890826	0.8025711859465453	0.795208250109605	0.7907042493030579	0.7879681809231193	0.7863162582370088	0.7853238638215381	0.7847292760824593	0.7843721008213517	0.7841544147998587	0.7840165038928364	0.783921846014046	0.7838478824363215	0.783780378609518	0.7837099927055645	0.7836301923125443	0.7835359890301493	0.7834231661934151	0.7832878020072064	0.7831259683457665	0.7829335330107773	0.7827060220573395	0.7824385161600812	0.7821255653633383	0.7817611126383551	0.781338420048692	0.7808499929001959	0.7802874974885303	0.7796416671626518	0.7789021894788574	0.7780575642978843	0.7770949189418997	0.7759997623328203	0.7747556559921787	0.7733437767987162	0.7717423456333258	0.7699258988043601	0.7678643867271838	0.76552209776054	0.76285642489797	0.7598165189505309	0.7563419028029656	0.752361155170728	0.7477908060009169	0.7425346154629479	0.7364834300795587	0.7295158184748045	0.7214996811215452	0.7122949995166635	0.7017578374785917	0.6897456292779177	0.6761236867384882	0.6607727339088206	0.6435971408676586	0.6245333896671903	0.6035581818852263	0.5806955089032199	0.5560219742052265	0.5296697004132838	0.5018262836639177	0.47273147327647846	0.4426705390478897	0.4119646100301219	0.3809585838363391	0.3500074669664914	0.319462172717529	0.2896558473531079	0.2608917118377131
0.006268407127803399	0.006268407127703105	0.006268407127618858	0.006268407127548089	0.006268407127488645	0.006268407127438712	0.006268407127396767	0.006268407127361534	0.0062684071273319385	0.006268407127307077	0.006268407127286195	0.006268407127268652	0.006268407127253918	0.0062684071272415395	0.006268407127231143	0.00626840712722241	0.006268407127215074	0.006268407127208911	0.006268407127203735	0.006268407127199387	0.006268407127195735	0.006268407127192667	0.00626840712719009	0.006268407127187925	0.006268407127186107	0.00626840712718458	0.006268407127183297	0.006268407127182219	0.006268407127181314	0.0062684071271805536	0.006268407127179914	0.006268407127179377	0.0062684071271789255	0.006268407127178546	0.006268407127178227	0.00626840712717796	0.0062684071271777355	0.006268407127177547	0.0062684071271773886	0.006268407127177256	0.006268407127177143	0.00626840712717705	0.0062684071271769705	0.006268407127176905	0.006268407127176848	0.006268407127176802	0.006268407127176762	0.006268407127176729	0.006268407127176702	0.006268407127176679	0.006268407127176659	0.0062684071271766435	0.00626840712717663	0.0062684071271766175	0.006268407127176607	0.006268407127176599	0.006268407127176592	0.006268407127176586	0.006268407127176582	0.006268407127176578	0.006268407127176575	0.0062684071271765715	0.00626840712717657	0.006268407127176568	0.006268407127176565	0.006268407127176564	0.006268407127176563	0.006268407127176562	0.006268407127176561	0.00626840712717656	0.00626840712717656	0.00626840712717656	0.00626840712717656	0.00626840712717656	0.00626840712717656	0.00626840712717656	0.00626840712717656	0.00626840712717656	0.00626840712717656	0.00626840712717656	0.00626840712717656	0.00626840712717656	0.00626840712717656	0.00626840712717656	0.00626840712717656	0.00626840712717656	0.00626840712717656	0.00626840712717656	0.00626840712717656	0.00626840712717656	0.00626840712717656	0.00626840712717656	0.00626840712717656	0.00626840712717656	0.00626840712717656	0.00626840712717656	0.00626840712717656	0.00626840712717656	0.00626840712717656	0.00626840712717656	0.006268407127176561	0.006268407127176562	0.006268407127176564	0.006268407127176568	0.006268407127176574	0.006268407127176583	0.006268407127176597	0.006268407127176618	0.006268407127176653	0.006268407127176706	0.006268407127176786	0.006268407127176907	0.006268407127177088	0.006268407127177357	0.006268407127177756	0.006268407127178342	0.006268407127179197	0.006268407127180436	0.006268407127182219	0.006268407127184773	0.006268407127188408	0.006268407127193552	0.006268407127200789	0.006268407127210912	0.006268407127224999	0.006268407127244494	0.006268407127271334	0.006268407127308093	0.0062684071273581875	0.006268407127426119	0.006268407127517797	0.006268407127640936	0.0062684071278055675	0.006268407128024673	0.006268407128314977	0.006268407128697939	0.006268407129200965	0.006268407129858921	0.006268407130715968	0.006268407131827826	0.0062684071332645116	0.006268407135113665	0.006268407137484568	0.006268407140512966	0.006268407144366854	0.006268407149253376	0.006268407155427035	0.006268407163199402	0.0062684071729505976	0.006268407185142774	0.006268407200335912	0.006268407219206293	0.006268407242567952	0.006268407271397583	0.006268407306863317	0.00626840735035784	0.006268407403536446	0.006268407468360533	0.006268407547147233	0.006268407642625789	0.006268407758001445	0.00626840789702758	0.006268408064086906	0.006268408264282575	0.00626840850354007	0.006268408788720825	0.00626840912774849	0.006268409529748833	0.006268410005204265	0.006268410566123967	0.006268411226230626	0.006268412001164754	0.006268412908707541	0.006268413969023164	0.0062684152049214134	0.006268416642141434	0.006268418309657325	0.006268420240006154	0.006268422469638974	0.006268425039295138	0.006268427994400159	0.006268431385487171	0.00626843526864183	0.006268439705970281	0.006268444766089686	0.006268450524640414	0.006268457064818866	0.006268464477929594	0.006268472863955037	0.006268482332141006	0.006268493001595668	0.006268505001899486	0.0062685184737232835	0.006268533569451294	0.006268550453805721	0.006268569304469052	0.00626859031270012	0.006268613683939553	0.006268639638400107	0.006268668411637072	0.006268700255093762	0.006268735436616976	0.0062687742409371205	0.006268816970107658	0.006268863943898471	0.006268915500137711	0.006268971994996819	0.006269033803213433	0.006269101318247105	0.006269174952362965	0.006269255136638685	0.0062693423208904885	0.006269436973514304	0.006269539581238555	0.006269650648785673	0.006269770698439801	0.006269900269518912	0.006270039917750009	0.006270190214546908	0.006270351746190626	0.0062705251129132385	0.006270710927886748	0.006270909816119188	0.006271122413261065	0.006271349364325822	0.0062715913223288285	0.006271848946850076	0.006272122902526395	0.006272413857479682	0.006272722481688178	0.006273049445308407	0.006273395416955804	0.00627376106195253	0.006274147040551273	0.006274554006144105	0.006274982603465678	0.006275433466800119	0.006275907218201031	0.006276404465733975	0.006276925801750613	0.0062774718012035885	0.006278043020010807	0.006278639993477541	0.006279263234784268	0.006279913233547741	0.006280590454462167	0.006281295336026852	0.00628202828936599	0.006282789697145581	0.0062835799125918685	0.006284399258614805	0.006285248027039485	0.006286126477947616	0.00628703483913046	0.006287973305653885	0.006288942039535504	0.006289941169533156	0.006290970791043353	0.0062920309661076874	0.006293121723524584	0.006294243059063274	0.006295394935776363	0.006296577284406853	0.006297790003885193	0.006299032961911473	0.006300305995617639	0.006301608912304319	0.0063029414902467315	0.006304303479563873	0.006305694603145207	0.006307114557628966	0.006308563014426144	0.006310039620784379	0.006311544000885877	0.006313075756973748	0.006314634470501194	0.0063162197032981425	0.0063178309987502205	0.006319467882985013	0.006321129866060946	0.006322816443154256	0.0063245270957398405	0.00632626129276206	0.006328018491791758	0.006329798140166169	0.006331599676108551	0.006333422529824732	0.006335266124574026	0.006337129877712227	0.006339013201704672	0.006340915505107641	0.0063428361935165736	0.006344774670479853	0.006346730338377159	0.00634870259926153	0.006350690855664574	0.006352694511364415	0.006354712972116146	0.006356745646344715	0.006358791945800385	0.006360851286176962	0.006362923087693212	0.006365006775637905	0.006367101780879137	0.006369207540338582	0.006371323497431473	0.006373449102473141	0.0063755838130530595	0.006377727094377303	0.006379878419580508	0.006382037270008287	0.006384203135471274	0.006386375514471816	0.006388553914404462	0.006390737851731363	0.006392926852133701	0.006395120450640264	0.006397318191734297	0.006399519629439704	0.006401724327387708	0.006403931858865043	0.0064061418068446915	0.006408353764000246	0.006410567332704843	0.00641278212501566	0.006414997762644942	0.006417213876918433	0.006419430108722097	0.00642164610843803	0.006423861535870302	0.00642607606016158	0.006428289359701249	0.006430501122025774	0.006432711043711955	0.006434918830263789	0.006437124195993492	0.006439326863897348	0.006441526565526879	0.0064437230408559195	0.006445916038144079	0.006448105313797062	0.006450290632224311	0.006452471765694372	0.006454648494188413	0.006456820605252216	0.006458987893847043	0.006461150162199665	0.00646330721965187	0.006465458882509733	0.006467604973892898	0.006469745323584136	0.006471879767879377	0.006474008149438439	0.006476130317136648	0.006478246125917504	0.006480355436646577	0.00648245811596675	0.0064845540361549775	0.006486643074980639	0.006488725115565628	0.006490800046246253	0.006492867760437045	0.006494928156496545	0.006496981137595141	0.00649902661158501	0.006501064490872213	0.00650309469229099	0.006505117136980293	0.006507131750262566	0.006509138461524836	0.006511137204102074	0.006513127915162902	0.00651511053559759	0.0065170850099083985	0.006519051286102235	0.006521009315585615	0.006522959053061946	0.006524900456431093	0.006526833486691228	0.006528758107842938	0.006530674286795572	0.006532581993275805	0.0065344811997384055	0.006536371881279145	0.006538254015549871	0.006540127582675687	0.006541992565174185	0.006543848947876762	0.006545696717851923	0.0065475358643305856	0.006549366378633317	0.006551188254099483	0.0065530014860183	0.006554806071561694	0.006556602009718996	0.006558389301233385	0.0065601679485400915	0.006561937955706278	0.006563699328372597	0.006565452073696373	0.006567196200296371	0.006568931718199136	0.00657065863878684	0.006572376974746625	0.006574086740021395	0.006575787949762033	0.006577480620280987	0.006579164769007228	0.006580840414442511	0.006582507576118923	0.006584166274557708	0.006585816531229281	0.0065874583685144525	0.00658909180966682	0.006590716878776278	0.006592333600733638	0.006593942001196316	0.006595542106555081	0.006597133943901801	0.006598717540998194	0.0066002929262455375	0.006601860128655323	0.006603419177820804	0.006604970103889469	0.006606512937536334	0.006608047709938108	0.0066095744527481645	0.0066110931980723035	0.006612603978445286	0.00661410682680813	0.006615601776486121	0.006617088861167537	0.0066185681148830675	0.0066200395719858895	0.006621503267132409	0.006622959235263612	0.006624407511587056	0.006625848131559438	0.006627281130869734	0.006628706545422924	0.0066301244113242475	0.006631534764863982	0.006632937642502747	0.0066343330808573036	0.00663572111668683	0.0066371017868796815	0.006638475128440591	0.006639841178478316	0.006641199974193722	0.006642551552868275	0.0066438959518529345	0.00664523320855745	0.006646563360440027	0.006647886444997355	0.006649202499755018	0.006650511562258224	0.006651813670062888	0.006653108860727029	0.006654397171802496	0.006655678640826984	0.006656953305316362	0.006658221202757281	0.006659482370600059	0.006660736846251842	0.006661984667070025	0.006663225870355926	0.006664460493348707	0.006665688573219526	0.0066669101470659365	0.006668125251906498	0.006669333924675601	0.006670536202218518	0.00667173212128663	0.006672921718532886	0.006674105030507425	0.006675282093653393	0.006676452944302932	0.006677617618673364	0.0066787761528635066	0.006679928582850185	0.006681074944484874	0.006682215273490508	0.0066833496054584315	0.006684477975845483	0.006685600419971225	0.0066867169730152965	0.006687827670014879	0.0066889325458622945	0.006690031635302699	0.0066911249729318875	0.006692212593194169	0.006693294530380326	0.006694370818625642	0.006695441491907955	0.006696506584045719	0.006697566128696059	0.0066986201593527365	0.006699668709344003	0.0067007118118302175	0.006701749499801172	0.006702781806072917	0.006703808763283961	0.00670483040389052	0.0067058467601605245	0.006706857864165874	0.00670786374777238	0.006708864442626532	0.006709859980138014	0.006710850391456547	0.006711835707441137	0.0067128159586192036	0.006713791175132283	0.006714761386663889	0.00671572662234384	0.006716686910621403	0.006717642279097484	0.00671859275430279	0.006719538361405241	0.006720479123824555	0.006721415062725535	0.006722346196353062	0.006723272539160867	0.006724194100672324	0.006725110883993576	0.0067260228838765725	0.00672693008420063	0.006727832454704272	0.006728729946752513	0.006729622487865746	0.006730509974662081	0.0067313922637715125	0.006732269160163018	0.006733140402179111	0.006734005642389277	0.00673486442314629	0.006735716145446904	0.006736560029349299	0.006737395063768942	0.006738219942945077	0.006739032986221135	0.0067398320369896425	0.006740614335687056	0.006741376360552655	0.006742113628449637	0.006742820446340388	0.006743489601960232	0.006744111979785927	0.006744676085480201	0.0067451674585373746	0.006745567948775036	0.006745854827522246	0.006745999698747921	0.006745967168849334	0.006745713226270666	0.006745183273433418	0.00674430974352298	0.00674300922338337	0.006741178991030882	0.0067386928620329755	0.0067353962231684605	0.006731100114391687	0.006725574201239224	0.006718538459615233	0.006709653373699122	0.0066985084261069845	0.006684608638380634	0.006667358901042952	0.006646045818762946	0.006619816792850079	0.006587656079965791	0.0065483576206768574	0.0065004945588126506	0.0064423856393059096	0.006372059208532473	0.006287216602590035	0.0061851987985273174	0.006062964314395517	0.005917094440198013	0.005743857852051142	0.005539398211687447	0.00530017076029918	0.005023877482039743	0.004858623951133861	0.004506803524070683	0.004149497872532415	0.0038007944543015934	0.0034671647141844386	0.003151471950893004	0.0028550194575024776	0.0025782831882704463	0.002321232504390438	0.002083507789048915	0.0018645306957921406	0.0016635765383381214	0.0014798235779596037	0.0013123876038289447	0.0011603469153892547	0.001022760921695377	0.0008986844075444692	0.0007871787750934702	0.000687321092977453	0.0005982114797087369	0.0005189791556788317	0.0004487873796158187	0.000386837414760886	0.0003323716297779983	0.0002846758178663136	0.00024308080712855874	0.00020696343112225194	0.00017574692765967323	0.00014890083447990433	0.0001259404512991753	0.00010642593833945896	8.996112142699212e-5	7.619207301998762e-5	6.48055370662634e-5	5.552726348027425e-5	4.812031538475491e-5	4.238340923123714e-5	3.8149344655614666e-5	3.528357760264524e-5	3.368298702603433e-5	3.327488248877081e-5	3.4016297389056836e-5	3.5893610442327516e-5	3.892253656408289e-5	4.314852750805984e-5	4.864762258792652e-5	5.5527790598686146e-5	6.39308056899725e-5	7.403470244544564e-5	8.605685879445047e-5	0.00010025775961528827	0.00011694549896411169	0.00013648108475014566	0.00015928461633873665	0.0001858424129531033	0.00021671517881104047	0.0002525472996147786	0.00029407737424422275	0.0003421500952117293	0.00039772960153759414	0.00046191443810674815	0.0005359542661643537	0.0006212684802831461	0.0007194668977548937	0.000832372696770795	0.0009620477897893115	0.0011108208279506327	0.00128131804106562	0.001476497125337713	0.0016996843972941753	0.0019546154371029977	0.0022454794471972383	0.0025769675525506523	0.0029543252666462015	0.0033834093417197133	0.0038707492127818197	0.004423613231731481	0.005050079870058631	0.005759114045655973	0.006560648700570443	0.0074656717215649095	0.008486318253572217	0.009635968406958299	0.010929350302440908	0.012382648332041021	0.014013616440127136	0.015841696145063047	0.017888138928879627	0.020176132519550232	0.022730930477760647	0.025579984377566325	0.02875307773821307	0.03228246072302685	0.0362029844712123	0.04055223377040458	0.04537065661289356	0.05070168900782029	0.05659187324682847	0.06309096764339499	0.07025204558838946	0.07813158158861823	0.08678952178374716	0.09628933627288017	0.10669805042823313	0.11808625223303391	0.1305280725574161	0.14410113518321235	0.15888647330982866	0.17496840922246712	0.1924343937844954	0.21137480243128756	0.23188268439675183	0.2540534619991635	0.27798457695266027	0.303775080857286	0.3315251672557984	0.36133564293109305	0.3933073364550301	0.42754044238806876	0.4641337999692865	0.5031841056273443	0.5447850591835449	0.589026444206646	0.6359931436135131	0.6857640922878178	0.7384111692085149	0.7939980323386236	0.8525789003210803	0.9141972858608602	0.9788846865406857	1.0466592397219436	1.1175243491245626	1.1914672916624556	1.2684578141390381	1.3484467304857561	1.4313645313623233	1.517120019137843	1.6055989825450836	1.6966629266531723	1.790147875242859	1.8858632641965913	1.9835909461321084	2.0830843282064238	2.184067666782212	2.2862355444560767	2.3892525567605545	2.4927532376169186	2.5963422542644023	2.699594903834732	2.8020579448692797	2.903250797758573	3.0026671481674727	3.0997769868213774	3.1940291173795603	3.2848541613096907	3.371668084496715	3.4538762645688412	3.53087811042024	3.60207223600344	3.66686217905276	3.724662641949924	3.774906216508116	3.8170505371912924	3.850585788485936	3.875042472224424	3.889999320190974	3.8950912170380105	3.890016979257011	3.8745468186565786	3.848529304562769	3.811897628876268	3.7646749732885145	3.70697877938456	3.6390237309006226	3.5611232736842795	3.473689523245462	3.3772314421372793	3.272351209297894	3.1597387500021736	3.0401644468513376	2.9144701074915575	2.783558321367577	2.6483803933977814	2.509923094481332	2.3691945147026767	2.2272093426313146	2.084973921184007	1.9434714455315156	1.8036476704638753	1.6663974830899284	1.5325526720288085	1.402871187312811	1.2780281376373859	1.1586087154608034	1.0451031782638358	0.9379039487645846	0.8373048308683483	0.7435022743706421	0.6565985624647362	0.5766067441440971	0.503457090426768	0.43700482028310467	0.3770388200531495	0.3232910693623837	0.2754464873338098	0.23315293824260305	0.19603116063828807	0.1636843465883075	0.1357070091866295	0.11169279930149559	0.09124116288586169	0.07396297955697204	0.05948539395597724	0.04745594627209599	0.03754595986866365	0.029453072158599183	0.02290282626394337	0.01764932693527664	0.013475046795111394	0.010189920012297767	0.007629879443642522	0.0056549990826221105	0.004147347542895199	0.003008699565506761	0.0021582266489193103	0.0015302263112190466	0.0010719527533082523	0.0007415959572465901	0.0005064413089666958	0.00034122839863090146	0.00022671611231146822	0.00014845167172177615	9.57339450585458e-5	6.0756066194877425e-5	3.790899351024788e-5	2.3225877110213035e-5	1.394670433165322e-5	8.183359923707215e-6	4.666674551063208e-6	2.558970755495181e-6	1.317812121169719e-6	5.989255122371914e-7	1.8845088906687404e-7	-4.332317386464664e-8	-1.7281799804818093e-7	-2.507093389312186e-7	-3.125440960798346e-7	-3.792844868576378e-7	-4.6483893508233406e-7	-5.814140672251485e-7	-7.428174002811226e-7	-9.66783002339037e-7	-1.2771131348089688e-6	-1.706127790425628e-6	-2.2977728926998764e-6	-3.1117061983857177e-6	-4.22871520392545e-6	-5.757902201658124e-6	-7.84618988334751e-6	-1.0690856582814566e-5	-1.4556008699743185e-5	-1.979414737199985e-5	-2.687429756883596e-5	-3.641855283124648e-5	-4.924936200032528e-5	-6.645046116627337e-5	-8.94450517974885e-5	-0.00012009566250308503	-0.00016083112520607362	-0.00021480726374911529	-0.0002861092486878488	-0.0003800051261969647	-0.0005032617842153937	-0.0006645365669648455	-0.0008748598664900563	-0.0011482262634313156	-0.0015023140893576214	-0.0019593555375766267	-0.0025471815167035696	-0.0033004671330243407	-0.00426220476212088	-0.0054854318269490715	-0.007035239276383105	-0.008991083931587452	-0.01144942285789897	-0.014526680203812202	-0.018362545979604756	-0.02312359148738223	-0.02900716707385802	-0.036245524175672436	-0.04511007505910523	-0.05591567027396167	-0.06902473604700574	-0.08485107248211475	-0.10386306990350627	-0.12658605699364792	-0.15360345324674166	-0.18555636310284507	-0.22314122404977085	-0.2671051106625443	-0.3182383060653519	-0.3773637868188297	-0.4453233316264321	-0.5229600625845855	-0.6110973626435685	-0.7105142851228002	-0.8219177784470766	-0.945912286329511	-1.0829675412171904	-1.2333856336905438	-1.3972686954604123	-1.5744887579675755	-1.7646615192068567	-1.967125844141007	-2.180930815827571	-2.4048320254760247	-2.637298526497054	-2.8765314753792	-3.1204949472454917	-3.3669587653783277	-3.6135524545983344	-3.857828663829488	-4.09733365992081	-4.329681836193703	-4.552630670197336	-4.764152265824353	-4.962497573337001	-5.146249626258828	-5.314362671320046	-5.466184873494018	-5.60146330070852	-5.720331054178718	-5.823072351141428	-5.903689618510732	-5.939685097312457	-5.887611553940527	-5.695558424065046	-5.330638101520236	-4.801454691889213	-4.159809184365205	-3.481717477202677	-2.840539623986536	-2.2870385038908347	-1.8433526924386094	-1.5082611670773503	-1.2668857655058412	-1.0993922775026144	-0.9865391546954937	-0.9122538659696158	-0.8642585372444469	-0.8337134709922168	-0.814514054890826	-0.8025711859465453	-0.795208250109605	-0.7907042493030579	-0.7879681809231193	-0.7863162582370088	-0.7853238638215381	-0.7847292760824593	-0.7843721008213517	-0.7841544147998587	-0.7840165038928364	-0.783921846014046	-0.7838478824363215	-0.783780378609518	-0.7837099927055645	-0.7836301923125443	-0.7835359890301493	-0.7834231661934151	-0.7832878020072064	-0.7831259683457665	-0.7829335330107773	-0.7827060220573395	-0.7824385161600812	-0.7821255653633383	-0.7817611126383551	-0.781338420048692	-0.7808499929001959	-0.7802874974885303	-0.7796416671626518	-0.7789021894788574	-0.7780575642978843	-0.7770949189418997	-0.7759997623328203	-0.7747556559921787	-0.7733437767987162	-0.7717423456333258	-0.7699258988043601	-0.7678643867271838	-0.76552209776054	-0.76285642489797	-0.7598165189505309	-0.7563419028029656	-0.752361155170728	-0.7477908060009169	-0.7425346154629479	-0.7364834300795587	-0.7295158184748045	-0.7214996811215452	-0.7122949995166635	-0.7017578374785917	-0.6897456292779177	-0.6761236867384882	-0.6607727339088206	-0.6435971408676586	-0.6245333896671903	-0.6035581818852263	-0.5806955089032199	-0.5560219742052265	-0.5296697004132838	-0.5018262836639177	-0.47273147327647846	-0.4426705390478897	-0.4119646100301219	-0.3809585838363391	-0.3500074669664914	-0.319462172717529	-0.2896558473531079	-0.2608917118377131
